1695
431
567
1724
1303
639
1170
132
1357
1199
954
1387
372
1761
1788
1912
1380
300
1695
318
713
970
1640
1056
691
539
1709
181
1724
346
1664
1746
1742
1649
1785
1618
618
1450
1207
421
944
1371
1731
1725
742
1166
512
368
149
1834
1769
665
1037
895
253
530
1656
865
751
531
189
851
1778
1036
1612
523
1666
1690
105
1765
873
1730
1805
1694
1022
808
1172
518
1072
492
1682
505
965
1762
1755
410
1694
1693
232
1149
1668
1720
769
1838
1103
1852
102
997
1693
760
1815
455
1761
1624
1757
461
1731
914
152
817
1609
1075
939
1792
1105
1768
1760
1665
1202
1737
1134
1338
230
553
1685
1618
1637
1731
1774
0
1764
1032
1701
1442
956
1716
1778
592
1682
1669
1204
790
1725
1241
1750
1076
830
1369
1733
1788
633
1674
1603
1745
1635
1014
1110
1187
1739
1165
684
608
1791
957
1089
1371
358
1736
204
1023
459
1782
1572
1659
1613
1830
1658
125
682
1745
1777
1775
1728
350
560
606
106
914
404
287
1774
1438
1681
1741
1682
179
1744
1669
276
726
0
1006
1749
1763
690
1037
241
1751
913
901
344
1020
1443
630
1797
862
144
406
169
247
1179
764
1674
1610
1751
1696
658
1107
944
1029
1756
1248
1755
1734
444
1804
1699
1684
1201
1779
785
234
1089
1702
1663
1825
1148
0
239
220
1726
973
1780
400
1731
832
1700
1747
680
1780
861
560
0
1634
1511
1748
110
177
1113
444
1779
651
1751
344
489
523
1170
1792
1287
1646
1692
190
1727
1760
1742
16
286
1744
1780
1294
0
1734
392
1752
1628
1612
1171
238
1763
205
1742
1709
1722
1030
964
835
777
1672
1765
152
1680
1355
1773
395
556
949
1767
643
1288
703
1750
569
943
1037
1056
1665
1689
1699
1878
1752
1183
191
776
223
526
1729
1719
0
598
1624
147
1723
1679
1787
301
304
1690
502
477
997
1880
422
384
135
1630
1720
1740
296
270
330
757
1273
693
1752
1709
819
1791
469
1764
1749
783
1729
1784
1671
224
984
961
1693
800
1730
1700
1800
1692
1195
1711
679
2786
1685
184
654
925
1696
181
1257
354
192
494
229
1700
473
1780
768
1777
1727
233
712
719
127
1780
1132
571
1709
366
1792
1185
859
1265
1779
878
1720
154
442
1228
348
2627
306
1758
923
1221
1743
1752
303
1698
910
1101
1740
502
1675
1708
1796
1743
1798
731
634
1756
1742
460
1751
1811
1778
1737
1119
323
918
1698
991
1335
1777
1646
734
1079
242
1808
845
610
1760
536
0
1727
1733
921
1681
1671
358
1023
0
198
845
1721
1671
1653
737
260
1117
787
543
555
979
1739
1701
1738
1668
1757
887
448
936
1744
1138
1821
1791
967
1730
1670
1250
1714
399
1331
1708
1689
468
629
1793
411
1765
1732
327
886
235
1671
1499
1779
1377
918
1633
400
1783
796
1092
1576
836
493
1654
1822
1778
1453
1697
1654
1694
1728
293
664
1733
0
1720
527
1279
1671
757
1731
1693
1023
1676
1740
1826
1294
1771
552
320
192
1821
427
1623
653
572
1049
306
1729
1700
1553
635
1660
1428
1810
1715
1668
1775
1697
1076
712
1767
700
466
443
1691
1738
822
531
1736
1728
318
1713
544
215
1760
1787
1767
278
1632
1105
868
1686
1708
600
926
571
1789
1720
270
450
1720
1722
744
848
1074
1230
351
1278
219
804
544
1783
1771
1769
1069
177
1678
727
1761
633
0
1807
792
207
856
218
1683
1778
1101
1670
666
549
1704
1362
1757
0
862
1598
380
1727
1783
885
1040
707
1392
1689
1709
692
1677
1496
368
1403
1754
1662
1803
637
392
1869
522
1076
306
1668
999
941
1012
1700
210
954
145
753
281
1741
1637
1794
1674
1726
914
937
1744
1166
768
190
462
213
482
1089
794
140
1418
1651
1734
995
1748
1296
1715
1089
1172
1778
802
747
1207
1230
730
1717
847
765
523
1232
916
1685
1685
991
1285
1779
633
1063
1751
118
1711
1727
1795
1763
1712
507
696
463
1665
1687
1750
1723
1610
1171
676
243
1113
1736
1817
517
1
1125
654
801
0
496
0
1782
450
1743
816
194
1187
1184
1781
1672
1771
1651
1834
1771
1740
266
1752
1054
1115
1061
1252
719
97
1156
211
1076
393
234
1780
1700
928
1161
911
613
1821
1620
880
961
1804
1679
1728
833
312
650
1695
801
929
1729
661
437
604
1192
1550
745
712
1328
963
94
1321
1619
1665
1103
1631
237
780
1300
913
471
993
477
1778
471
191
1610
1276
301
448
479
1692
1729
489
1719
1792
1187
0
1076
1153
200
1933
1762
1646
578
1722
1782
1747
677
1697
1699
1655
1459
160
128
711
1069
25
997
1685
357
1245
1838
1397
996
1716
161
975
1725
1705
1674
1671
582
689
1751
683
219
240
562
778
931
1727
1031
1438
1648
0
708
1007
82
1716
1712
1770
1671
1079
1664
783
1724
667
441
1230
1648
495
1032
1830
845
1727
1010
1759
1711
329
420
628
945
1792
404
1377
835
516
1731
547
661
211
510
246
947
1689
1798
166
2300
859
896
1695
6
992
1747
2454
455
1789
696
1190
1758
867
1806
603
1747
1128
1707
1789
802
199
1616
1692
1707
221
1150
115
1645
1357
1802
833
635
956
1656
327
1692
978
1722
1110
735
842
0
1777
800
1659
909
348
827
1104
371
299
908
1655
0
407
1458
1729
1734
934
433
1775
1691
500
1146
842
1697
1126
1695
1603
1409
1757
1665
537
484
1340
1802
718
1081
1073
1253
181
1650
575
919
796
1784
758
373
200
723
1670
1514
1119
1774
449
1152
933
1616
1023
1713
805
963
949
807
836
510
221
1763
715
936
714
1692
1830
297
1780
331
835
662
1708
1195
1364
1702
727
200
455
1044
1746
1195
1696
242
1839
679
1804
1780
449
265
219
306
1457
248
424
1749
270
287
871
319
1666
1870
1705
802
316
208
1689
1156
544
129
1707
175
1857
473
613
1673
781
1798
488
1710
606
1748
1184
840
1744
151
1664
584
185
1761
266
609
1077
0
1643
784
1036
1116
235
1842
217
1403
270
798
759
465
504
1122
168
1653
1036
1080
1700
1770
1762
1755
960
1742
1193
540
1725
997
464
1147
1364
157
1105
1729
1682
657
1752
454
1729
1623
1656
0
843
845
1768
1764
1737
1639
1754
417
392
876
1854
1696
1134
1756
1060
1718
390
1774
1737
1710
90
732
1137
1725
1691
1799
366
345
1074
858
420
1702
1868
1117
643
1865
1719
808
1686
1064
1677
1773
285
1808
274
1729
1502
1767
768
1682
247
454
1018
1323
1737
1641
380
1057
1737
1641
968
1721
809
1778
611
1664
205
1776
1190
401
844
583
1618
1771
474
1321
1730
1701
1705
1644
1706
995
1664
1655
468
1344
1160
1091
332
1727
1338
1685
1057
1748
496
454
1805
1606
1780
1766
1152
1664
775
1701
186
1769
1684
1744
1678
1779
617
260
1771
1089
1746
1711
839
1729
1809
1673
8
647
618
1710
1223
1804
1715
599
1691
1794
513
1664
692
1001
214
1760
415
828
700
523
1122
1100
787
490
1720
1751
469
808
0
1030
694
461
0
1633
135
817
1635
1696
579
1271
914
600
1783
1690
1
1825
1801
1081
1744
1742
697
1648
205
266
1772
1674
1679
1721
858
167
1772
1636
750
1764
792
1708
1587
1964
411
223
1060
306
1061
445
1686
585
1662
1780
1683
1738
1778
779
221
1717
788
697
412
934
1773
1701
1159
1788
619
1750
1728
1699
1058
436
390
493
1581
1036
766
211
1686
1716
1895
268
187
1462
604
1087
1646
1720
64
1743
740
1680
606
699
1718
1224
463
1664
342
1197
581
247
1787
830
1737
1739
1821
1816
1104
1763
1235
337
1762
1773
1736
464
1780
1143
80
1736
1718
613
957
1746
0
1675
784
347
945
646
133
1132
1172
1642
1765
1762
207
900
597
474
462
868
1752
1754
1500
1108
1745
938
1736
1104
1759
1208
375
860
276
441
1817
1673
1786
957
1735
1003
1670
1776
1417
1613
1753
1720
786
1761
1748
1099
204
103
574
1679
1051
1712
1782
356
1784
1602
1720
1662
1801
1757
1757
269
290
522
1733
1095
1691
838
746
1797
1694
1642
1768
1675
1746
1703
1721
1671
943
1682
536
913
1703
1179
1743
1670
1738
425
1027
1727
1770
442
1836
67
1753
1773
1722
715
354
1027
329
569
1084
1673
1201
653
1062
1774
1703
1595
195
519
1751
1090
269
1672
618
708
735
776
1106
1256
1764
1687
431
1737
1697
884
1109
579
1729
1754
1768
1756
1636
1078
1686
258
1671
1135
1754
1709
1636
165
514
648
677
329
910
1240
1748
197
923
1738
1748
1664
1730
970
1741
1740
1114
549
1747
1190
170
657
1078
992
1730
1644
1690
1662
699
1764
1648
1753
143
768
618
1517
1727
1258
939
203
688
605
979
641
56
1025
0
1010
1060
531
1211
1799
1004
1702
1795
1792
711
3478
1733
816
1694
0
0
974
581
1693
1419
1735
1775
718
1665
1273
1715
727
1044
484
249
220
674
151
1779
892
242
650
1704
1732
1602
1740
691
952
1199
1728
1175
358
1741
1723
739
1770
1177
392
1677
1060
228
1671
1801
1803
719
1706
762
1154
1669
361
1747
1914
1681
179
315
1101
179
1776
1762
581
1760
482
186
1679
1704
696
1749
208
731
855
707
410
1258
535
1766
1748
1618
523
1251
1709
291
1120
1252
1545
1691
1764
584
1672
800
1831
1710
1045
1203
1144
477
1673
1733
1111
73
1638
884
1213
233
1793
478
1177
1766
857
1743
1747
1641
227
1787
1258
1125
681
398
1788
1720
358
548
1730
1114
454
664
1329
815
88
673
2577
826
1806
1252
1687
1967
1659
1629
1771
1056
1720
205
1682
1704
692
108
1687
1720
1772
1618
1181
844
1700
1764
1172
216
490
1009
612
473
1783
215
1427
1639
237
1750
660
1108
1732
584
277
1655
392
1714
243
0
1250
1018
502
1746
217
1360
1683
1240
855
524
1110
1775
981
1694
817
769
1795
1676
1752
1730
335
1750
1158
820
1637
1893
1765
1829
387
1716
1026
369
1677
1739
1749
253
139
0
1159
1028
955
1714
1689
614
787
1264
755
1752
997
1252
1815
1119
1171
499
1714
1774
350
1205
576
563
430
540
614
297
1720
0
3358
1123
1526
1738
0
938
637
1053
516
223
1779
208
1194
901
187
1672
1739
3370
1817
1730
1737
987
1071
1743
276
1673
1309
1156
0
2215
416
1711
835
1730
653
1686
1099
1725
652
1681
1721
1246
1154
263
1822
798
461
1688
940
1734
1156
183
954
1248
926
1694
782
1647
598
813
232
1848
1698
330
1732
1804
435
421
662
1706
1682
132
1614
808
912
282
364
861
453
1471
810
467
1718
1460
245
1664
1721
1726
1882
1846
0
1774
1522
1663
1780
1772
465
181
1807
375
1736
879
1674
323
945
412
741
1811
1784
188
1796
1113
1063
1784
323
1736
1287
404
601
1191
358
1146
1751
870
855
206
1742
1739
349
262
600
487
1745
744
1619
179
1008
290
3258
1704
1810
1426
297
368
777
986
1719
1194
1137
1085
1382
542
617
983
70
1696
1789
1794
1692
903
0
427
1609
368
186
1747
1029
1697
0
1759
1724
977
1761
248
1762
1716
679
1672
1734
1754
617
1230
200
487
340
1740
1707
1830
1598
228
650
324
1762
272
1659
632
1673
1762
1726
1670
0
545
1668
1695
1764
113
620
1739
124
1154
1676
0
1142
1386
904
958
1030
1755
1647
1754
302
453
1786
868
290
527
1650
1438
228
1701
1752
1128
1078
1205
284
1258
284
252
1632
1138
1758
268
1640
925
0
1099
1017
497
1729
1184
192
145
1862
1749
1744
1186
965
1636
352
847
781
1845
351
404
1174
262
495
923
1210
284
965
1634
570
1782
368
271
387
727
0
1813
593
1750
748
1725
691
1215
1797
498
1711
1017
1563
1104
528
1112
1670
1318
1835
1730
176
1249
1752
1799
1031
1080
361
1160
808
1732
1650
1741
850
1720
408
1672
394
1703
551
463
773
1183
1605
192
1074
705
695
495
276
593
512
1693
739
1723
1647
707
1844
1700
1207
921
719
1252
1689
1745
1619
1625
376
1350
977
0
1774
416
1658
1556
1778
255
219
1660
1662
1725
1706
1720
1108
493
844
0
729
860
1727
1742
812
59
1068
1640
504
1713
1784
1680
348
721
890
927
524
1768
1719
1633
328
1018
625
289
1607
501
1694
385
724
258
625
1301
1758
852
1760
305
1614
1181
1145
350
230
166
1017
1766
1744
466
380
1820
562
364
1662
548
419
1723
1003
0
105
495
1712
1636
1700
1752
674
216
1641
1701
1676
955
1832
1805
1798
157
91
355
1780
1676
172
1733
1758
1086
544
1810
1726
1670
1634
827
1702
1194
413
1776
1129
148
715
591
1690
1611
1744
1702
1707
248
567
924
1737
1168
230
1720
1754
1737
1243
1666
1461
1688
312
869
1042
1227
1735
1332
132
746
327
1794
1811
1664
1652
414
1004
1713
1680
561
1224
1730
646
1896
994
1037
774
719
1752
1749
631
1846
1743
1697
732
325
183
465
403
1809
223
954
702
1738
485
187
1818
1637
203
1691
783
1230
985
1704
1730
1728
429
366
415
653
239
969
1764
277
911
903
922
436
1715
1766
1031
1113
970
1736
808
1790
1163
670
1719
1131
1705
676
1760
1894
1727
654
1613
1078
393
1208
1744
1724
203
1744
994
1852
1471
1722
888
1539
833
1697
1814
1532
1758
607
206
1215
1420
549
185
1544
1690
1771
617
1135
1749
1857
145
1776
1708
448
192
1326
1077
1656
1710
1300
1642
519
1029
1023
608
1705
930
1761
1693
1755
362
1652
450
1668
749
480
1795
620
787
749
320
1212
1677
482
905
1366
1683
620
554
498
882
1714
68
334
188
633
772
680
1704
186
266
635
1802
1689
754
275
1008
235
1712
1772
462
1792
1061
380
187
639
1340
1779
1662
1415
1136
1708
1756
323
648
753
1662
1736
1696
932
583
544
146
1610
1758
816
1710
1133
644
1159
1048
1038
1053
744
319
683
0
1726
1764
1770
714
1683
1611
1763
1741
264
1798
1595
665
979
192
1769
1072
248
647
1190
1812
513
1824
1749
1698
1679
140
10
1643
997
604
1294
1239
1750
1756
1473
196
1695
564
624
1622
1716
608
1412
1725
779
963
581
741
953
728
1814
682
880
1722
352
1085
1310
955
503
1710
1700
886
396
1660
1748
1647
0
1756
655
445
0
1614
287
1704
1787
190
1691
313
276
198
85
1622
1618
1742
1176
1723
1741
297
1683
817
175
1751
786
1761
476
189
993
1293
1764
1669
319
1685
86
1690
1055
75
785
1767
1329
493
120
1798
87
501
1126
236
1668
655
1000
1675
1170
510
401
1837
1778
701
880
1813
683
1757
771
1702
1800
494
970
465
242
596
1112
1650
1003
1033
1752
1814
280
0
278
1116
1088
1638
1762
1149
551
400
669
327
1712
1724
860
1834
16
1728
854
1765
1095
1125
1353
0
1667
666
138
1656
1035
1555
1772
340
1793
0
1683
1209
1669
1660
1706
1201
741
1760
1735
1657
1020
1709
577
1795
1224
1778
603
0
127
90
716
1763
509
427
1776
346
198
597
985
197
1654
250
583
803
180
1690
355
1786
137
1689
1116
1738
236
1717
1748
711
971
1662
1652
1684
436
396
408
1697
1696
1668
758
1694
425
91
196
1740
1770
539
1795
847
1523
683
1716
718
1195
0
1709
0
1686
641
986
525
702
1704
1050
174
1133
1791
1693
1709
1871
1676
1781
1166
985
651
186
1775
475
1728
1717
184
1707
180
1131
822
1226
57
1843
1864
468
1741
1678
867
213
630
1275
583
0
493
1751
176
1724
1766
1660
1669
1780
179
735
1760
1759
1735
1715
1701
1678
1184
399
452
505
1749
1518
803
1758
520
1801
296
484
1900
1162
1779
1691
1664
957
1088
1278
1764
1660
1126
1355
739
582
381
529
1688
646
1267
1740
1685
1112
850
1746
149
1855
1122
721
1790
760
218
1349
244
1720
1686
1652
242
444
1690
239
484
270
638
388
674
162
1018
708
380
1697
589
1793
1669
1765
1742
1006
1405
423
1984
899
0
244
1657
1074
1158
1731
1437
1744
698
950
600
735
558
0
510
1729
1644
644
190
1740
1806
732
864
1672
405
1628
704
191
0
770
1733
203
131
1114
1654
931
572
1811
427
1658
1714
1792
396
320
1088
770
183
1665
1070
1155
90
92
1724
1722
1248
1646
1770
1221
637
1742
608
938
1703
1844
705
746
570
1046
786
807
1765
141
1230
1674
708
1710
1720
0
1783
1766
602
1689
1046
757
0
1750
16
699
1115
1707
1724
0
672
1764
1755
1682
1815
374
379
823
418
1695
984
1762
0
1704
1803
1678
602
170
976
1743
792
1170
872
1684
1714
617
972
1735
1268
1739
507
1762
1665
110
1780
1770
943
1636
1759
1324
862
1088
1654
1632
1729
1401
286
2318
1670
1760
1723
1663
1788
556
1661
1681
1730
1738
1773
1052
184
129
901
1206
1685
1759
853
602
474
1222
1796
1767
1787
1833
553
799
1676
1745
560
1206
1184
1775
1349
0
837
1700
758
1767
197
393
1366
908
1049
1758
171
1116
253
1718
1737
899
1692
1832
1550
1129
1685
772
829
948
1735
1743
1701
510
1549
512
680
371
692
1120
1755
1748
1366
834
560
1733
886
1643
1730
1680
854
1027
613
1112
381
1045
1688
554
551
890
694
825
1203
1704
571
570
1668
459
723
403
498
1764
765
1636
1669
1921
1653
959
1197
1723
1242
1039
664
1736
1548
1159
1150
178
443
1802
390
1749
1707
648
1798
430
0
675
669
1132
1690
485
432
836
1804
993
1795
1191
1706
831
814
1721
864
847
1662
1697
1786
1688
459
1041
219
1380
199
350
1755
661
1592
332
1515
254
1720
461
586
1781
319
1165
344
183
946
1748
1667
1688
1747
1139
1275
966
794
580
736
906
1236
269
1610
268
1758
678
563
106
1020
257
1666
259
1682
933
1144
1731
1677
1697
1670
918
915
1704
419
530
1700
1773
527
1762
664
1745
1795
1265
190
1684
1744
1714
1686
1775
1232
1827
1379
1675
952
934
1700
570
1218
1687
278
290
1863
376
1672
516
1756
1035
1731
227
1040
469
0
0
1151
1721
1712
1704
1735
1488
1691
280
1649
542
1124
1698
1723
1688
581
188
1788
682
230
1331
129
647
1637
1739
1784
1728
614
642
1775
1129
1686
1643
1748
336
1685
831
1740
482
1311
1095
456
249
1161
1710
1786
1746
1669
1705
723
191
433
542
240
779
196
909
334
1830
1724
1742
134
436
90
1645
1778
935
1370
1784
1729
1612
1792
1129
1626
1682
701
272
102
1788
358
915
799
145
1162
1744
1649
1641
1406
976
690
1369
1735
1124
741
197
0
1396
1913
1377
915
1602
1131
1236
1160
1665
157
100
1762
1758
2701
1772
0
1754
1826
129
864
900
726
1611
1755
681
1394
466
138
414
1181
821
1088
379
1753
1697
1775
941
1691
557
1661
1684
996
628
994
1625
1747
1795
1672
1454
406
1725
625
1642
1822
672
1728
972
1808
907
1699
1126
190
1766
501
96
1638
668
959
547
1647
290
735
1305
936
174
260
432
838
918
989
1069
1757
1737
171
1680
1698
2338
387
679
1713
1723
313
1599
492
466
1716
241
883
487
1749
1845
1711
1772
932
446
698
1712
460
288
1713
1765
591
729
841
1816
1697
129
662
1811
911
1662
311
400
1640
1732
826
1691
461
547
1772
1387
92
679
1673
1713
1338
1193
1759
539
513
166
1650
1803
1635
1694
948
381
1777
472
242
924
930
1720
318
1684
1722
1517
329
1443
1758
1775
1157
0
1718
916
302
0
437
1741
772
1041
1778
1681
1789
967
1201
1728
1094
1708
1171
194
1655
558
1701
265
519
1629
1673
781
94
1012
502
553
1689
1806
1764
927
1366
1723
537
1700
658
622
1708
598
1692
990
1745
1042
1748
776
1748
552
713
1719
395
719
575
1647
681
696
1658
594
1798
326
1474
1726
1715
1710
416
1695
826
1672
123
700
1741
1752
517
1373
1015
1670
176
1662
1067
1670
211
203
1760
1766
215
2213
1151
951
1385
1271
930
983
1165
1617
1673
778
1501
1202
319
1675
1681
1099
1741
1670
1783
218
407
866
801
1204
739
1089
1724
1100
1696
1058
840
987
1737
1189
167
0
231
0
467
908
576
301
1708
880
914
1721
1730
1418
533
1762
0
1831
632
1845
1043
1326
212
1709
747
517
828
910
313
1804
382
285
1745
1782
955
1750
1721
1498
718
732
1724
629
1745
1714
1571
477
337
797
1792
1197
798
1801
815
1310
510
1608
368
1230
967
1703
1607
1224
315
1096
1713
298
1712
756
1664
547
1719
1666
366
978
1841
627
642
1795
0
1757
251
1726
1067
601
1804
1717
728
1692
783
1698
1746
929
1748
534
1728
1696
971
1651
1019
208
1782
1631
1235
1084
179
1720
543
218
1015
1789
1251
1644
1727
1740
374
562
524
1169
508
1738
1770
1716
423
590
682
252
628
759
1197
248
528
1152
1795
1717
1748
505
259
1741
1760
1340
1123
764
494
1695
770
1831
2378
1744
1782
1661
0
248
869
389
1744
578
1720
1810
877
1651
1112
187
738
176
809
1710
250
1720
1095
558
1502
222
752
225
1067
1723
1799
1793
230
1776
1649
1339
1700
152
1189
427
756
1773
1640
1801
1686
1722
1752
520
376
1688
1794
1612
1664
1741
186
893
513
1676
1596
340
1572
0
1668
1750
536
1655
1726
1757
537
1041
1677
1360
763
1330
37
1641
1196
590
1218
112
1682
1777
469
1367
1704
940
1708
921
464
978
1170
1069
1713
1156
197
1780
1215
857
1757
1778
1708
465
1112
132
255
743
488
788
0
1694
692
244
192
1090
1689
1773
1058
462
1359
1857
1161
1524
379
537
1686
438
1210
166
437
372
1699
595
483
1519
1740
1727
1628
134
478
637
1754
1124
794
584
66
323
1800
345
198
400
507
1701
1248
551
1620
1796
1788
1073
1627
1682
367
95
1818
1746
523
1726
438
1095
1796
110
587
986
1510
1721
1669
1826
524
280
826
1615
1129
1604
664
1236
1755
227
1787
1674
650
1753
1476
510
761
1684
364
555
1732
132
1702
1786
855
1195
134
1675
1108
428
1751
276
1801
1775
1766
259
316
1750
85
901
1634
1092
1114
417
1756
539
179
1063
1306
619
1590
498
644
776
0
1717
594
1745
345
335
1061
1656
1192
693
1677
1768
1432
1103
1774
1806
1687
1043
1750
620
1765
0
1062
1719
1269
392
751
1775
732
519
1366
1694
642
1710
102
0
1291
1821
1705
1654
1761
181
1089
199
1795
1842
1746
1807
1164
765
234
1272
1847
328
1590
1753
1117
1749
580
1647
328
1669
1680
1124
1783
778
1144
1714
1700
1693
349
209
969
523
0
917
0
237
1680
1702
1236
1513
1141
611
1723
936
1691
566
1159
676
1141
1778
500
1698
462
91
1746
1677
145
308
316
1777
1718
1683
1144
1724
2754
928
1071
1670
1659
1750
439
606
1084
618
1670
1711
592
1788
604
1674
583
1730
1805
1670
986
1693
1807
1078
1153
1514
496
1364
395
1701
366
392
778
221
1701
1730
864
322
1722
1620
1703
1698
1676
1645
1752
1784
266
0
444
0
574
605
1121
388
339
1110
947
1793
245
1729
393
1671
559
472
769
678
826
792
1628
118
296
704
1077
619
207
849
501
254
817
755
367
1095
518
417
1753
472
1740
444
1076
1664
1745
518
1718
1159
1674
783
780
673
1334
1794
1722
846
1809
297
984
592
1756
377
2808
1717
1045
785
1666
185
1731
1537
934
1624
1052
213
401
913
1790
513
312
290
1734
941
233
213
1773
1250
1102
0
510
0
1039
1632
1680
1037
1222
1234
1197
1691
977
1743
1012
452
1641
818
128
858
0
1397
1760
1777
1726
192
734
1832
812
1696
774
792
577
480
691
795
750
1717
1832
1112
1738
746
560
110
673
1738
386
1247
1818
295
1676
246
1758
1586
1670
280
1613
291
444
598
1085
223
1722
854
1784
364
1692
230
920
211
187
584
1694
997
399
1072
1754
1738
1274
93
613
718
1188
1346
734
531
1712
446
1246
883
1740
1790
0
1780
843
1710
1247
1610
565
1761
500
1236
180
1816
1688
786
716
1725
573
1775
1151
984
804
600
1841
124
1780
1729
206
216
0
1784
757
1660
907
1712
1738
437
1759
1789
546
1769
1723
1570
1709
1703
738
752
1227
364
1650
875
218
1726
1708
1760
893
1438
308
532
1812
1644
1386
1041
1612
349
1686
1758
0
700
1756
1742
1670
1736
1138
210
1739
1484
707
827
1740
196
716
1522
1663
1695
1715
0
1310
1670
1785
1019
945
1639
583
1348
1809
1188
1818
528
1670
487
1745
1699
943
1740
1608
1131
1234
1787
1504
390
631
1789
1826
1071
771
1825
553
213
1690
1806
1711
1638
1186
1455
1757
1543
1739
944
1424
555
977
1668
1637
770
1228
1706
586
1857
1732
140
164
538
1127
1683
999
1734
1705
862
462
1775
1121
1783
297
1765
1736
1653
1730
942
1688
879
311
1080
212
1716
1758
247
353
1684
1707
346
1720
609
1716
1763
737
0
1160
937
1616
546
1730
629
1221
1083
1737
926
588
1864
892
1765
557
1767
788
680
522
1755
1187
652
913
489
1736
966
490
413
1126
1725
1813
474
972
1055
1804
1705
140
1800
1712
1640
141
1047
1135
810
1687
539
576
1735
311
295
711
576
1712
1750
1039
1518
1725
1697
1639
917
707
1148
219
1658
1483
160
194
1092
1867
1100
1655
1294
755
1792
771
1692
1187
1758
895
1130
898
1801
766
1671
590
782
1728
1718
541
1646
487
1062
1716
1763
222
908
384
1586
496
408
527
735
1722
1174
194
249
0
1703
1763
1014
1744
273
974
1057
1346
1067
1635
1116
1831
1799
1677
1093
1682
1075
1773
1780
416
1202
1180
1719
1879
1224
633
1661
1006
1613
280
176
150
949
1678
1728
950
667
1663
1750
1725
197
1408
1616
619
1695
1658
1072
1701
282
1231
1794
237
885
1196
218
1121
1027
1667
1309
1732
1688
1783
1749
1722
1413
1792
1841
1671
1209
1754
1660
628
1769
1703
583
916
1777
116
1787
928
862
1444
679
177
1301
158
1698
1741
1410
1774
400
656
1739
1700
1779
1721
1683
1802
1758
1120
1052
1062
188
211
155
1613
670
211
1033
1762
904
1079
1713
211
1836
333
1657
1740
723
318
1737
716
264
1018
1638
1108
895
179
164
1771
1685
516
1690
777
639
1664
1697
1721
1742
915
1777
1730
1141
1768
1843
487
690
824
0
1762
1663
1751
704
1687
196
1740
723
418
1713
989
1077
930
8
883
605
919
1740
1730
1793
645
1747
1228
792
764
451
1745
1762
1410
451
1386
1715
333
1807
1815
1604
1686
1689
160
851
1768
1684
1745
1708
878
970
1126
1715
1069
1072
1741
215
1744
1233
1728
1292
659
1201
1717
331
1741
274
280
399
1727
164
1718
1766
152
1759
1110
1631
527
1692
1714
1797
1135
976
1671
1772
259
220
360
382
1655
1081
1659
964
772
574
700
673
1200
1150
1640
239
176
343
1746
1725
1806
1750
411
1044
242
620
1755
1008
1699
1031
747
1723
1121
687
281
873
539
586
1740
1711
1297
562
407
905
1772
1781
1837
1220
1669
774
794
1613
1654
915
1690
1704
1727
407
1745
1115
1358
469
1803
1577
1236
1671
1092
352
987
893
0
1821
665
768
1125
629
1782
675
1552
1783
269
1788
1038
867
466
187
0
1864
336
527
722
801
0
717
1268
153
977
1780
1769
284
825
1711
1698
581
529
1056
0
394
1804
911
1725
293
1732
369
1730
0
377
1050
1663
1676
721
822
75
263
616
1739
1665
1734
666
832
1705
1727
226
1713
1667
1764
1731
4095
1062
1072
1704
1779
1720
1796
1014
0
1101
1752
477
1704
1751
550
1060
819
122
1464
867
1829
353
576
1760
1116
936
277
215
493
437
249
1660
1758
1774
1774
1846
635
0
1630
1778
1737
886
1747
1715
1681
137
709
1801
561
107
1225
1764
1014
1650
1168
336
1743
283
504
1107
975
1672
1604
1783
1672
640
0
693
881
228
1156
743
904
1675
1371
1740
500
202
1661
1166
1272
173
1788
1129
1724
1596
330
596
1188
861
1624
619
1681
1381
1703
1211
1662
556
1639
1702
916
797
548
480
435
977
1800
1609
1769
202
1701
434
575
250
688
1724
484
1739
128
1788
0
1727
1642
1728
1752
1758
1734
204
355
105
1006
908
533
241
1103
1215
1029
780
1122
655
891
935
1268
1788
1066
175
107
1728
0
982
1771
0
1803
1739
1703
1106
1669
383
1001
1815
861
734
766
440
1764
86
403
1741
1174
1646
1169
1160
1614
0
642
758
742
0
157
299
1753
1668
748
662
986
203
1370
269
1784
1613
1669
1698
650
903
656
1008
1742
272
340
1063
272
382
1703
776
606
529
279
1137
908
222
1728
858
547
1072
815
1072
171
1735
1126
752
483
1126
334
1629
637
1273
1117
1754
120
1009
1650
1694
294
459
845
1055
471
437
1785
0
1759
1148
0
358
295
1700
684
123
537
1320
1439
1348
401
603
413
1623
1781
1662
700
133
1666
179
718
223
941
1657
791
857
505
1775
1702
1092
1806
1702
1718
1055
110
397
454
788
1788
587
380
0
815
261
1770
947
374
832
167
1793
1758
1107
1041
361
1723
187
1684
255
1716
900
1295
793
1064
327
1677
720
1675
960
1740
389
619
1759
1755
1671
473
384
494
845
1727
1720
1686
1712
422
1638
1452
586
1066
1722
877
1752
422
227
1294
1657
1759
1253
1773
0
1033
1053
1808
171
1746
1266
494
1697
866
842
1739
601
0
728
1686
1725
136
1803
200
262
1686
0
1664
1700
565
865
820
0
681
1044
1795
1705
432
1826
823
840
1283
0
1848
225
1670
2055
1696
992
1725
1692
1712
1650
345
960
328
1758
322
1366
1760
671
824
1034
1139
288
1157
350
1052
1699
1638
1748
1045
169
1696
987
1191
1378
1720
1703
880
1421
791
522
918
1670
262
1631
1754
1587
1706
1648
1139
308
1235
656
1222
919
1649
399
780
1292
1607
1759
2488
563
1325
415
1680
1022
453
1744
444
1760
630
1699
384
674
874
1051
1126
664
1623
1694
1769
328
217
1161
0
869
1396
280
1144
1660
217
192
1837
1588
1000
715
351
1758
433
376
1459
1637
300
1792
913
1728
401
209
1749
1744
1717
1634
1630
1712
1781
1828
919
756
1775
588
1719
563
1726
1749
1009
212
1131
1706
1129
1770
294
575
1782
481
1764
1791
345
156
507
1336
1678
199
0
1278
1147
1677
370
1753
1028
909
860
1697
370
385
904
1139
1786
1043
1697
476
1744
1149
466
1738
0
845
1785
1838
433
1770
1726
1660
1696
1690
900
1154
0
1719
1732
164
1722
821
1675
1758
1616
742
1712
363
1724
1739
1701
576
1799
1687
1177
701
600
0
147
1716
276
1708
1790
1796
1065
1692
815
529
1515
436
608
485
1230
1824
968
1703
1052
1730
576
715
1663
198
120
1732
600
1659
1753
995
270
1097
1633
384
236
1660
1708
1793
1767
202
586
1802
1662
914
1784
1728
335
1744
1765
907
561
572
1707
1704
1000
1759
785
1809
1120
1695
331
1166
1799
1743
1072
1666
603
1403
1755
1665
534
1661
1688
772
1756
1650
1141
158
1223
1747
1163
1118
838
809
1140
292
1685
1690
856
1652
288
1388
456
0
741
1785
1737
1066
516
705
1820
1717
1787
848
996
788
1767
1696
1719
946
1787
1802
375
1710
1729
985
1717
1732
1643
334
424
1682
1768
588
449
769
990
788
1697
537
303
703
430
211
85
1718
1733
1129
331
893
918
1697
1026
1073
1655
316
1736
1702
1074
188
650
1764
1271
711
1000
891
1026
288
164
569
1786
950
243
1675
155
1006
396
1698
636
1818
394
1687
775
1022
366
1094
959
1747
1694
1133
1694
816
1601
844
1205
755
1654
828
557
1740
1267
717
372
148
550
1704
1705
1197
1652
1631
1126
1758
0
1023
200
993
1685
275
1522
93
228
1038
1738
1189
1127
1023
1758
520
0
1623
1427
871
1041
1744
1218
233
1731
1175
1723
70
1727
464
1694
1699
1587
616
463
423
1763
1748
0
686
962
520
1742
1052
246
1681
1662
1751
2070
614
236
1279
704
223
1023
183
186
1737
515
1085
1124
1254
1212
1437
1701
732
1687
1096
1696
1264
1626
1020
592
1170
1331
1769
661
147
1753
1675
1795
1048
1068
814
179
1677
1813
1174
1068
0
733
0
1756
1739
272
1765
1698
1776
1850
250
772
1612
1733
1255
1668
1762
1171
1182
1441
489
0
1695
1716
1144
1186
1843
1695
664
1264
93
176
1270
375
1699
1144
1698
689
549
735
736
1016
1789
596
206
23
226
584
1607
1455
1494
418
1772
1734
0
1769
1770
1966
1736
1089
1380
994
169
266
1733
1758
645
1097
803
1689
850
1787
968
1092
1761
1730
502
76
402
1770
1674
0
933
1613
429
1642
857
1758
1756
464
915
1650
991
1275
1540
1725
1364
1003
409
566
472
1769
666
1468
1727
1718
937
897
1163
1629
967
1143
1743
614
1741
1022
1801
1219
1097
635
1601
1718
1738
1675
233
714
269
584
1987
603
1223
1663
371
1276
882
1090
1742
907
1717
840
1755
1055
1787
1695
726
1832
854
1690
1694
1701
1704
1044
181
1687
975
1693
435
1772
1743
1771
1734
1804
1851
1619
1261
1731
959
576
1704
1822
1744
473
553
1830
690
2253
1770
443
1671
275
203
169
1762
1702
555
1708
1703
151
1716
669
1750
944
1029
944
875
1714
1189
744
1750
732
103
1765
1714
1631
1794
961
650
1145
705
1694
1770
1142
1716
1735
649
426
1793
951
1458
1469
873
1719
1761
1029
1712
1809
2864
923
1701
1126
734
1747
1394
190
1176
1166
669
1347
555
576
1712
1765
717
1679
588
1760
867
1685
1267
641
0
1716
565
318
140
1748
1720
782
1106
1786
571
200
1720
1717
1835
834
1711
1777
1664
981
1135
0
875
946
1729
1725
1150
1705
1741
1155
729
613
530
1720
420
1809
1740
1022
778
1209
804
1667
511
0
381
666
1733
1794
414
966
704
447
769
1743
936
1706
1763
819
811
209
1730
1757
466
1738
1729
1672
912
1227
1721
256
576
1522
357
1772
1116
1682
279
906
444
1669
690
172
1606
1784
1799
112
1290
1696
1173
762
1179
1773
262
1796
1789
1133
1683
1203
411
1145
1732
639
1766
1675
868
1711
1782
169
163
94
1693
1072
1719
776
1099
535
1725
926
1041
1649
1692
1695
443
977
1698
1725
840
1128
1760
1733
943
1679
0
1687
410
1051
935
244
790
1722
0
567
1668
225
1668
337
1589
961
163
1189
951
1702
1652
1210
1734
242
200
1669
549
676
1100
1120
1739
1794
352
1760
693
1669
1180
588
1168
1731
1783
1649
213
1613
442
1701
1637
341
442
494
416
1293
795
688
1283
288
321
61
1834
1528
388
91
319
1236
0
1700
519
0
484
1731
1166
1742
721
215
479
1790
364
453
1631
434
332
1663
1685
1742
518
1727
1726
743
1764
263
1788
0
1817
1718
1354
1449
382
1752
1185
1754
1721
1938
644
1738
1804
1740
506
100
767
1776
1746
1728
1086
623
984
313
1131
604
721
1615
107
667
1732
731
1645
328
900
730
897
1398
499
174
294
472
1766
952
429
257
1688
1705
1810
760
1574
1711
510
1707
615
1127
191
1148
370
879
297
1676
218
1111
1820
1015
871
1708
1649
127
720
1757
1695
1756
777
1301
502
1813
1733
723
509
419
1716
1638
1726
0
1684
1628
1606
2944
1708
1795
230
1290
1658
1767
440
1629
1660
620
1720
420
1639
1686
66
1760
1079
1663
834
1643
936
146
544
1103
623
202
3150
1763
1758
1131
1760
1277
0
220
975
1766
1807
645
1415
721
1715
15
327
1681
917
145
307
335
1748
154
1054
457
638
1679
1724
1568
1739
1470
1619
1687
1670
1686
490
1781
1420
688
1696
293
1082
1789
1631
1677
219
249
1511
1667
876
1610
806
960
1059
679
1684
778
628
690
1705
1774
1741
1751
939
205
1828
1736
728
388
1791
1742
1167
1146
835
1807
1348
1799
614
346
750
0
207
562
990
511
1792
977
1763
704
1680
1340
633
1410
1726
1211
558
1442
517
1713
238
486
1595
1242
216
1262
1660
1679
174
0
384
510
371
1711
1647
1697
309
1705
1811
1716
1290
1684
1724
1163
1766
572
1323
1747
441
1565
367
944
1733
322
1764
1287
1560
1428
592
539
208
299
480
548
0
910
484
1760
531
329
1768
1691
921
989
1769
1125
1748
461
1657
1712
1849
707
100
1704
1776
423
2294
401
280
1706
626
1726
1689
1746
392
1390
1154
1763
1386
1774
520
1740
1775
442
846
1735
644
371
655
1799
1820
1825
1727
1857
1471
72
1673
320
1753
996
1627
1692
530
1725
1748
847
1374
1706
1739
972
475
1740
1736
0
965
1681
1027
1619
1762
511
1631
1321
0
696
1718
236
1223
906
1731
1734
229
906
600
1500
1626
450
1729
107
1566
1751
1753
1732
434
1724
1293
1727
1078
1832
198
4
438
1610
1767
1789
1219
1720
445
683
338
92
386
1186
0
584
147
1682
1613
1763
1657
1719
919
219
1693
1797
1696
1178
953
1708
552
1839
0
1749
1774
1743
522
814
1728
1165
1775
1712
1712
318
1764
1356
1701
1805
918
678
210
1775
895
1060
1729
4095
387
1791
1651
889
1768
454
1654
1343
619
1758
0
509
1845
1274
1690
625
1740
1811
904
0
193
1267
1834
831
1107
1295
1694
142
1581
1743
1194
1332
971
1717
773
1504
242
1680
1798
626
560
1715
1752
1728
1120
900
1149
1389
1279
880
766
1117
1066
1819
790
993
1181
1661
1594
376
1356
1580
425
1785
221
1197
1760
81
1192
1695
1696
158
1632
561
1740
1798
955
590
430
616
1288
1696
577
314
897
1709
1696
1525
1639
1316
533
1773
1823
243
1742
620
394
1670
1075
1008
706
1795
704
1668
1167
676
88
1771
323
1712
201
447
0
1163
909
1716
973
415
986
1727
632
390
1701
1752
1027
518
211
1711
1746
1564
264
1075
1105
1823
1711
960
1709
1684
1667
1188
972
1036
148
1093
265
1654
1087
79
1644
812
109
918
144
539
604
1060
1720
1657
1689
1712
1717
788
255
339
1729
1379
1519
868
704
1703
178
1648
1253
1046
780
577
254
1715
317
1748
249
849
1735
1729
1381
1729
1744
731
1133
233
157
1748
438
1768
1790
1744
554
409
1741
493
1068
1668
932
357
945
520
663
1233
1824
229
1712
633
1576
1773
1311
1656
880
408
628
716
1809
419
1672
1692
1790
1220
1745
1835
464
634
2169
1753
1778
657
473
1701
761
903
153
665
282
1758
1710
868
633
1805
184
1710
1259
441
1739
1744
689
1802
1270
0
702
227
1625
1171
345
938
1835
773
1702
645
1779
1789
1783
213
245
327
1693
1829
1710
1167
1660
890
1186
1782
1693
1109
0
586
139
1142
820
1693
1068
1726
1742
326
1640
1703
1700
1703
1157
690
1726
1771
153
2829
343
1694
1604
332
1390
593
1616
866
1753
645
1699
770
814
1769
844
1704
763
1800
0
1704
1659
644
1238
493
1130
1270
1726
655
1141
1807
1741
1686
1712
1754
851
1867
1735
1031
1135
1705
1194
1751
411
1814
176
1619
671
1081
1797
198
615
0
843
1076
543
1654
1810
90
842
1092
1475
332
1265
310
1702
679
219
973
1747
384
1735
1639
119
928
1720
1587
1696
895
689
1625
1238
1695
1278
1623
978
313
1760
1709
1698
1765
1768
1625
537
228
1014
1090
934
657
353
1720
1687
1726
669
991
253
235
1738
670
301
1191
821
1794
660
1015
1758
490
1843
1784
1733
1165
0
620
1778
497
201
903
1725
84
1023
1765
754
1712
1008
1820
880
1030
1832
1716
549
1269
1700
502
895
1706
1528
1711
1712
272
730
1761
930
1595
952
1459
1520
696
628
1347
1102
1714
704
460
1644
590
1768
1761
0
373
1738
741
693
1036
214
939
1723
1406
1665
1828
796
1151
1701
1701
835
221
1034
1814
285
398
712
1670
1091
824
1214
1761
1765
1747
1676
756
1784
1776
1029
1483
1750
1166
1653
1033
1759
623
425
399
1702
1707
1669
596
1681
640
197
1646
1789
958
918
1140
728
68
378
1755
1771
1651
1087
964
1754
484
1813
980
1769
750
1583
699
901
725
1744
0
1722
717
1683
1110
1082
739
472
1723
686
814
1803
824
548
896
538
1699
726
706
1654
761
0
1510
540
1680
1680
1700
375
1094
1687
1011
1686
1753
677
291
1824
925
554
91
1641
236
1708
1571
1718
818
1635
199
560
757
1757
1066
1777
1768
126
192
1163
1776
1695
463
1772
1770
1681
352
1713
91
1781
626
195
1745
1679
788
1126
770
1716
165
1222
167
696
245
1184
930
1609
1310
1756
900
1838
702
1385
1687
727
833
2667
1793
1783
850
1649
1787
1758
1745
1760
1760
1752
193
1775
0
514
1297
1659
832
85
236
1752
0
136
1804
1766
1471
1672
218
270
329
370
1771
1126
1347
1190
693
565
1717
1658
16
1157
1764
1222
653
1729
301
1885
1344
999
1655
1201
602
1140
1086
1767
584
1690
1160
799
643
960
255
859
1768
98
174
1700
1769
878
139
1695
1771
1736
852
78
1648
1759
1707
1693
1404
542
1130
1738
1790
1128
983
1746
1721
1213
1263
1719
212
1690
1248
742
528
1790
1660
1671
600
1456
198
1647
545
194
1720
704
1009
1692
868
1008
777
993
1785
585
1024
131
339
437
1653
1773
1759
1136
768
1712
1564
781
1706
788
1755
1748
427
1716
939
1712
1023
222
1614
835
224
1260
91
1675
1657
896
1788
178
1644
538
1725
1196
1830
973
1796
0
1764
828
1599
1578
1740
1640
664
1672
866
467
718
712
1711
262
894
472
170
1210
400
1202
1816
533
398
1728
665
1642
1223
549
393
834
83
1726
1791
417
1140
406
998
1756
1669
596
1763
1770
166
230
1209
1779
480
1715
946
614
912
546
652
312
918
1719
1685
772
1380
1076
636
627
643
1742
256
1690
209
0
1149
411
988
1666
982
737
874
509
1080
1767
1805
1153
189
1774
1044
1778
1705
1761
1826
295
823
229
499
764
597
0
1142
1811
1864
940
499
1056
1798
1777
1735
1823
1747
1723
1808
724
1306
1164
1469
976
1737
156
1753
1741
0
427
1698
632
1063
1730
1687
791
1194
1802
605
389
1725
681
1692
1776
1764
619
1731
1682
1793
0
1724
1724
551
1175
677
1719
1625
1738
0
1734
361
295
441
179
394
1128
356
1750
1725
317
590
630
1757
1690
182
1775
490
1259
1784
1055
1714
274
1725
1386
322
466
1818
169
952
671
1765
1784
591
664
1753
232
269
1683
0
1809
1841
752
343
1736
0
527
810
1731
554
1580
22
0
1785
1743
332
1736
1780
0
1879
181
247
483
1376
1033
831
1689
1790
1722
371
1705
1792
461
1061
293
435
1486
652
288
530
207
1732
1817
1703
1000
1754
1173
1026
1224
1776
896
1753
1692
1589
1340
213
411
338
1722
1727
1159
751
530
1763
538
1668
1240
1010
411
381
52
1764
665
798
1703
900
1685
474
1802
1824
760
1460
1687
1786
463
889
1557
1672
1763
985
1575
1216
1699
1644
1764
137
1790
1394
1719
1567
144
1118
351
1765
1757
1747
0
519
1828
1741
1731
1724
535
1631
471
113
317
1637
1708
1763
2
1717
280
1629
1013
948
895
1671
1669
368
1720
1062
1764
937
189
0
970
1694
1810
1744
407
1042
818
1706
561
0
737
376
1307
566
909
374
1706
1387
1689
253
1806
1799
1428
222
793
308
1686
1242
1669
144
1723
1704
1123
427
1781
398
1747
1763
1702
1741
1730
1740
877
202
1771
205
194
768
1718
1116
869
1772
1680
1789
96
1199
1716
1023
3048
1238
1223
621
894
474
1650
1760
396
86
240
481
1284
197
1734
844
1767
783
1725
98
1760
977
1838
833
1782
0
784
728
1765
1776
217
403
1677
1011
1791
559
1756
1720
505
207
1793
207
950
984
1694
983
1890
449
1214
660
1677
790
432
750
773
1776
707
531
1425
1091
0
1670
1850
716
1705
383
305
362
1684
1268
1716
1760
1809
799
564
579
1755
849
293
427
1044
1786
1751
1743
813
148
1434
1798
1154
1048
1226
717
627
1386
1064
1734
1785
720
1709
1741
1669
1732
1754
1571
1735
1790
1679
206
645
841
1036
706
817
1476
915
1931
1184
227
1703
999
304
1784
323
1559
610
680
1729
1666
176
1693
0
1762
406
678
495
972
1180
330
1731
0
1636
1443
252
386
536
178
1688
1271
1683
1713
1746
1315
1761
949
1796
489
1674
1415
1210
1265
1776
287
596
1729
1361
1863
1741
1150
0
1101
425
1566
243
464
1757
1734
841
1741
573
628
243
1723
1667
242
150
1649
824
1756
1595
0
494
1109
508
1802
1223
1704
1525
183
1468
1303
457
96
300
1731
768
1698
616
539
486
286
1699
1670
1716
672
1
1756
1683
1133
851
902
1051
735
1762
989
1067
691
184
227
1696
1094
966
471
937
1727
789
225
1678
535
915
651
841
1313
1728
416
1716
1711
1723
185
503
1708
0
1740
253
348
1094
1238
213
1663
1632
1808
1683
800
1723
1712
334
907
1454
1091
996
512
1725
410
1844
878
541
1776
1274
555
619
214
1483
1586
1031
525
98
1781
1625
571
892
1780
1796
783
1788
801
1773
490
783
1382
474
1700
775
336
0
451
285
1426
946
1724
1118
446
1238
529
460
454
1628
1676
571
1737
1084
1842
408
1736
642
903
1066
167
613
1821
624
1197
514
186
1734
1680
1676
1626
1734
329
808
280
1677
1737
1504
946
1698
1258
1623
900
1761
921
1134
1740
1117
1783
1792
423
1829
1009
1012
1715
1713
1690
729
764
1680
136
1658
876
727
639
574
1255
1739
1762
1806
1718
1726
492
1774
951
1740
1729
1793
891
978
1739
1710
1742
646
662
110
1649
1700
1098
1204
1072
529
272
1685
1087
374
205
960
1755
384
881
247
511
1707
1793
466
802
581
111
0
1760
1717
146
22
1753
540
1720
1695
333
1339
1751
1718
273
543
340
906
1185
1590
1179
1097
81
1756
1761
1111
943
1681
1772
1087
735
1712
1204
1151
1732
1907
884
1681
1211
1748
1186
690
794
1100
1380
1705
365
1256
1091
1736
993
1583
1709
1750
1819
1685
679
919
1656
916
506
941
1720
1051
1787
1606
1632
1661
515
429
1766
1712
1617
836
554
1817
896
743
1880
1750
1704
1719
1242
1638
791
1327
664
1660
238
989
1037
831
711
636
1591
1717
982
1810
1749
1750
1027
1624
1365
1660
1809
629
1633
1767
1172
896
1644
396
1735
1065
1698
954
1023
1166
1194
1592
1726
1700
215
0
848
1725
1667
522
1787
1148
1791
1702
1726
1061
1723
1720
1821
785
1766
1669
1213
192
621
1737
417
1108
1766
454
1725
1446
1557
1732
189
1098
349
1091
188
1593
1442
719
1755
1625
1145
258
1741
361
1735
1632
1749
1819
1141
537
1166
1223
1095
1751
643
0
1831
376
478
1408
1760
670
1680
1690
1730
1672
386
129
231
224
659
1844
1766
1768
1211
1773
1709
386
771
1797
1670
1672
1789
583
1720
1783
821
1107
507
112
841
700
1367
1728
1658
1022
1257
1169
1662
277
1053
521
887
106
153
1015
716
1097
1269
851
1678
1900
1137
982
1120
685
235
1764
1177
940
1731
1573
756
1777
307
1705
526
1594
896
1553
1041
700
1705
728
1642
937
1744
926
704
1707
1692
1815
562
1066
1700
445
878
1134
1751
1722
324
811
603
1771
1081
369
1802
687
495
1850
304
1042
211
1748
1700
605
1809
1776
1727
1512
1744
1792
690
1747
1678
554
855
1724
1832
1271
1084
436
1095
1709
1740
569
1653
1642
1837
1708
398
1261
848
421
1720
1683
1822
1613
838
421
1
914
543
1752
1701
1627
1805
206
1679
1158
1816
1171
127
739
1563
881
1693
194
1779
1612
1047
248
1786
568
1753
930
358
1724
0
1688
1135
1231
1019
1717
1401
707
1853
1664
1676
1825
838
420
354
1782
1654
345
682
1106
1443
480
1337
1754
1741
1735
821
1672
1802
1106
483
1698
1743
214
477
225
1748
1731
1688
1370
1547
727
1688
1202
204
3368
1095
1892
1705
1097
1827
1733
1739
1684
1705
0
1778
427
1841
526
353
1048
635
446
239
173
729
1128
138
1262
1767
861
1138
940
824
1740
1730
774
750
210
1464
667
208
1625
1796
1646
1252
1285
1445
1042
1764
120
1677
1740
397
827
1696
1809
1711
1469
1748
306
1615
1642
411
1714
1836
1787
1758
1878
1199
1758
1722
712
1762
580
293
375
570
1672
858
528
1754
124
1773
751
1755
737
1744
644
1712
116
212
1741
1728
841
896
1716
671
1092
534
1727
386
740
155
1725
1839
2382
1731
1752
1644
341
1070
1765
1684
1721
1736
1743
0
336
1601
1771
1719
1678
1715
1801
1740
1734
1569
144
540
1047
1681
489
1715
967
1760
1180
836
198
816
1793
1725
760
865
203
457
1762
1860
1739
1741
1715
1231
691
266
971
1662
145
618
526
921
1685
595
407
1271
1119
1758
271
1143
1597
1740
1686
122
1649
1820
411
1739
400
904
531
411
264
956
1752
1771
132
490
1690
1691
867
1041
1782
363
511
1273
1404
1294
1839
714
195
1793
1709
7
1033
165
856
1772
1687
1711
356
888
1654
1671
1236
1737
252
1734
741
933
1673
387
1002
1698
192
1707
1163
1758
1743
496
840
1725
0
0
1238
1905
1743
1731
1093
1179
1690
470
1854
390
1055
578
1662
1774
763
533
563
299
1695
1721
244
1793
1740
337
1807
1615
142
907
677
1780
947
436
1820
1711
976
1740
112
1581
0
1750
1294
249
1773
1784
813
2176
249
669
1397
1639
1771
0
1543
1651
514
1497
1716
1174
188
311
1298
1725
1050
1770
1722
608
439
1786
1356
407
908
406
291
1694
1332
385
1645
1737
620
136
1061
850
246
196
535
772
1772
1170
580
242
1856
661
0
667
530
991
816
1753
182
1645
1026
54
1007
0
439
307
1653
1695
1520
800
1003
1023
432
581
1764
1663
1818
1637
1733
1664
203
606
1692
1686
1880
739
1685
739
977
1188
1723
1792
310
1721
1777
3265
858
1722
1183
1661
1736
1764
319
1787
442
1729
1719
1814
1408
200
621
1627
1691
1678
1756
711
1650
387
491
969
541
1764
1824
1096
799
873
221
615
612
656
1641
1720
1701
760
1707
1835
1676
890
198
1079
1033
379
1635
177
1648
0
1717
1737
151
1644
1080
631
1685
1731
733
1674
1735
431
163
1697
369
1740
817
1740
1699
1550
426
0
286
1776
1781
1714
1696
1696
2493
1770
962
1766
1743
585
455
1453
202
795
1723
1706
1058
1582
851
602
202
990
777
1763
215
987
1240
1842
372
2673
1712
443
456
991
700
276
1751
0
1728
479
217
1751
331
904
1186
1600
204
1578
1487
1678
684
951
1459
929
782
1083
1377
1112
1707
269
967
730
1788
262
1684
1023
487
558
183
1836
112
1774
866
246
952
1335
1722
812
1808
1663
242
1736
1750
1762
1744
1713
243
188
173
1738
1687
335
1054
1055
1642
809
1084
1754
1734
1717
1756
1039
543
1536
1772
580
1421
196
1645
225
1738
1702
493
1215
1658
1787
1229
662
1096
1806
1795
674
1656
201
1308
797
319
1702
1711
515
284
1734
1683
627
375
403
1634
1743
1165
1186
1151
681
210
226
852
334
880
1620
733
795
998
472
152
1303
718
144
1825
1797
979
59
451
1652
1672
1148
1696
1105
1136
1734
1050
1674
215
1675
794
1668
1100
1668
1760
1728
1388
591
687
1803
1698
1779
4095
478
826
1678
1757
215
373
1675
936
1734
290
1693
431
1716
993
693
1235
1743
528
534
0
287
1649
1731
505
998
1687
1903
628
581
666
1753
837
1712
86
2251
0
636
1784
1732
1250
711
194
1678
1623
953
814
520
1769
1767
1126
1806
1706
1019
1723
335
626
1011
1777
485
638
675
237
0
883
561
1684
273
1657
1706
1702
1189
487
1715
807
239
1156
1139
615
805
972
1680
1731
1612
1763
244
1725
671
994
959
1671
1204
248
317
1355
678
797
1674
1704
1725
578
378
223
1366
257
212
716
1699
738
433
1478
1674
1464
1742
1818
556
938
1724
1772
1800
944
1792
1082
719
1783
914
1667
141
1650
1699
1697
1037
1151
1753
1171
1624
1734
1680
1660
407
1685
145
317
1687
1644
259
1702
420
1850
1733
615
1738
681
639
1243
194
1793
901
445
1393
1732
868
1755
352
250
1796
635
7
699
161
1103
1395
1003
452
614
1774
1814
365
1093
1826
836
1712
169
1392
1744
274
1704
402
1789
1790
1188
1704
1682
1461
1708
562
1750
1791
1710
365
1034
215
342
1579
506
1269
1704
504
1713
1750
990
1764
847
451
1711
480
1741
1792
1715
392
1700
1145
774
632
1692
1724
1378
737
0
198
1773
0
1709
349
327
0
316
1305
804
853
1693
697
497
1609
1760
1569
1167
1736
714
960
172
218
1226
1312
108
726
1695
1028
1794
1171
1736
154
2442
1692
575
99
142
1760
508
794
0
132
1141
1156
326
1783
1731
1792
1655
1749
1749
1726
869
1756
1727
1756
809
1647
1666
1664
1672
968
1214
544
1529
1664
537
1734
1199
1632
982
717
786
1718
1860
1801
1722
0
1732
1700
1698
844
450
1096
528
128
1739
1570
1604
423
861
1784
628
586
1265
334
1690
1779
1309
1696
85
1676
946
663
1665
624
1647
801
1827
429
973
768
426
1795
1123
906
962
1385
435
141
596
599
329
1411
710
1756
0
1795
779
463
1765
1728
194
976
1678
513
1730
1724
1746
1922
1761
1722
446
1704
1687
1008
207
1637
842
1114
1048
1120
1140
782
604
585
1788
1658
1527
490
1869
1879
656
851
1779
563
1675
254
1541
253
1139
404
1756
208
1070
1419
1143
1163
556
1653
1051
1732
721
1169
171
1705
682
1663
1684
1657
1735
576
1703
1821
1824
694
1128
730
1040
1270
1697
1683
734
1726
1153
1811
1702
997
0
1144
1760
1639
1797
265
1810
1783
1807
847
1056
208
585
319
1632
448
1699
122
1806
1779
1795
1206
1088
176
1040
1808
1727
1782
885
1696
0
705
154
1590
1010
915
865
1156
973
1445
1073
1731
1724
1239
671
1708
1679
755
554
1727
1254
1690
1682
739
1692
848
1237
324
1258
1681
960
491
1729
1638
876
610
1706
1744
1795
1031
116
1580
1022
0
1739
1593
240
1808
1656
1124
1722
1799
1142
1687
1682
406
1675
1705
1821
1661
1345
1144
0
1655
177
799
198
542
1688
293
731
1814
1052
1715
955
582
1667
1776
1251
1761
1743
1755
1845
1721
1691
1764
1787
1714
1700
640
1706
4095
1657
1678
1602
547
1779
1738
1737
1251
147
1753
1832
1100
318
1512
498
290
591
1735
364
1754
0
905
