1292
498
87
1951
1317
506
1287
585
2323
199
636
3051
1137
1252
3227
3102
775
1483
814
180
251
1262
723
1228
1209
631
379
628
3133
1779
234
2269
2209
354
2510
1268
1215
1256
1746
1241
1251
891
1300
192
1271
1273
1317
732
1432
1266
1376
1270
1275
1270
536
1284
584
404
479
1200
3204
640
1260
463
1273
1328
838
3151
149
1289
259
2129
1302
640
408
182
1388
1363
613
1269
1270
1561
265
1317
365
956
1335
734
1436
1208
1741
336
1292
614
3156
548
353
685
1311
1539
1311
228
1326
900
155
1233
397
619
1409
1318
828
3049
1312
1275
2664
160
1322
3130
3108
405
368
1262
685
1665
1221
3174
594
1304
1253
213
1294
934
1230
1301
3067
1281
1307
2222
1284
823
252
164
1648
704
3155
666
1318
1344
428
2105
1300
886
1314
2238
3014
912
1325
1232
1526
493
254
1261
1346
1285
1340
298
202
769
922
795
1223
1324
2003
172
1285
409
744
539
2013
2181
685
1181
1314
768
1318
102
2992
1319
1217
1320
1325
312
1172
1278
481
1931
2119
981
520
1228
684
1560
283
600
1662
999
148
1181
1255
1297
1541
868
2825
1248
1245
3156
1259
1343
1355
978
1360
1326
1364
1115
2584
3221
1300
3107
3168
2605
1314
160
319
645
1248
750
2392
506
3121
390
975
1271
151
236
2280
448
451
156
1322
571
559
1342
142
1330
3136
2589
1295
781
195
1233
2176
1232
771
1264
1777
818
1247
2608
1243
551
447
597
310
729
2066
1626
1277
496
1245
215
3072
2835
460
1233
1304
1274
264
1663
1020
1285
1317
2919
1330
243
1279
726
814
880
1240
1258
820
604
1600
1302
316
1729
2325
1248
163
627
13
579
1320
1244
3100
1607
1320
404
1278
1269
1348
1277
509
3139
1284
1360
0
803
2163
373
193
820
1243
1238
692
1273
1237
1239
1105
452
3236
1342
1363
1239
1231
1228
3218
1302
1649
1287
1268
1297
1842
3254
635
246
708
1045
1297
3204
0
2319
1288
1896
2411
1227
1233
568
1342
1303
1870
1229
412
185
290
605
2553
508
1264
3079
1683
443
784
1734
1275
195
2102
2798
376
1150
789
1381
1268
1324
460
1217
704
1331
1254
1279
1216
1239
1279
312
2634
606
585
1202
1646
993
1264
3073
594
1281
861
1284
1268
680
839
643
2413
3152
742
1331
240
1251
471
868
3000
214
322
842
1257
3148
1038
3225
225
1335
3150
164
1263
216
1205
596
1151
1038
1271
3127
1249
472
183
826
3188
1313
479
386
198
1332
3147
748
1201
327
933
1286
1363
1342
541
1322
1299
208
173
1257
304
1360
1130
1247
1368
520
1267
832
812
559
640
1345
322
1262
3135
1256
675
1244
1442
3057
208
1318
161
397
1335
1342
1252
293
1295
1242
870
1560
1322
1271
3138
422
336
3132
1275
179
1276
1293
1259
0
798
259
3121
2288
1268
420
281
1155
523
1349
1340
1344
771
2041
88
1335
698
1293
602
1347
1283
1247
1287
837
693
3119
1772
489
607
1263
3214
255
2526
1299
1250
15
1369
1373
1185
536
1370
748
1351
3099
1218
2384
217
467
749
234
3056
367
1227
1371
1266
1286
218
1804
964
3096
1332
332
1311
1132
3389
924
569
1312
1267
156
1281
876
1371
1315
4095
1275
490
687
437
188
140
379
1291
2995
203
0
1274
3093
3136
1238
2657
811
1038
2536
1320
2590
1292
1263
1220
1275
1312
1161
1259
651
1596
1297
1283
719
2257
3061
1352
1251
586
3126
3177
0
1344
184
541
182
927
1271
3040
1392
1351
3008
609
660
212
1279
2086
1232
651
769
3176
2270
1329
605
0
1316
2508
2585
336
1279
633
3150
1215
172
2992
1282
921
1354
238
960
376
1221
2717
3145
1496
1879
1311
241
478
3254
1138
1202
2005
1394
1237
0
3152
3167
1323
2263
1350
742
595
0
449
1239
1212
3134
1296
486
1314
200
3106
1342
1241
1334
140
201
1246
2000
842
1257
150
317
591
1302
1198
1260
357
798
1310
3116
1354
3054
653
705
3296
1316
384
1257
819
1268
141
714
1388
3064
1331
1306
1272
382
175
1041
2477
185
453
1286
1511
254
1272
779
1252
866
0
1287
955
1347
521
539
1336
1283
1815
399
3162
2474
1288
1044
779
1350
1305
1310
1284
1338
470
1354
1296
419
0
1251
785
1352
1304
379
3089
1327
1300
1225
182
218
267
385
2401
415
1275
1274
1059
1372
3048
671
153
941
2521
1670
1662
1301
1237
2864
1117
756
0
1308
1342
900
313
1383
1238
776
1219
1267
849
2186
1256
2990
3279
1326
358
1328
1268
251
1275
343
3195
3109
538
3146
1227
1112
243
1218
1312
1231
1277
789
622
689
1143
1311
366
1266
3046
641
491
2170
1318
1995
1190
1324
379
356
136
1822
184
1310
3019
1325
684
1250
632
177
1173
3144
188
807
1506
1347
2632
2489
391
1476
2398
475
239
1313
1251
840
221
191
1245
584
1344
0
1264
913
722
2331
1260
1297
3087
1300
1574
1667
1331
1283
1338
1314
1234
1800
177
636
1261
1233
910
1277
1287
1258
1352
3139
0
0
1265
196
257
1175
634
1278
725
2105
1324
440
2486
3229
1332
249
970
1314
340
368
1305
3043
1312
402
1311
0
1293
358
1273
1353
461
2517
1316
1338
845
1219
1296
492
1297
777
1359
3147
1248
1272
820
556
2022
684
236
563
1283
2142
490
1271
402
830
316
1266
1361
167
184
1329
776
1501
1309
860
1194
1256
3123
1945
2967
427
405
640
1290
1285
1359
2181
1327
590
1293
1300
1297
1325
568
2688
1510
1250
1248
408
2025
463
792
783
1298
1357
1320
2378
1107
1004
0
292
3330
702
940
1227
1335
1297
179
3179
1985
1355
2606
132
2094
280
900
1235
1124
2482
346
3031
1520
340
1274
1836
1536
2443
383
452
784
1372
247
1569
935
1351
1267
1326
1393
2215
922
402
1318
216
3148
3018
3091
1070
1318
1321
1273
3212
0
1386
1269
0
1261
708
762
1277
1101
146
600
1282
743
382
155
582
1283
180
1185
601
1803
508
832
1279
205
1347
109
1320
912
1313
2067
380
627
678
762
636
2867
859
1237
1317
1300
807
1265
1250
1310
782
680
566
1371
2787
332
657
1254
402
1233
1328
1309
3090
1323
949
702
1286
591
3212
476
3191
1902
1247
638
2599
583
508
1258
1232
237
354
644
828
1287
463
1700
479
664
1077
1290
1290
791
3113
1397
1787
1356
1315
132
188
3018
1288
182
412
93
1260
1324
1509
1250
231
297
509
1991
368
656
248
2137
1317
1005
559
1328
1480
2069
3113
1255
1086
606
2307
267
3124
2087
2283
133
772
1323
1286
492
1330
1299
1411
898
1466
1334
3249
391
1514
675
575
676
1299
735
2153
1200
1291
3053
1211
832
594
1360
2300
1327
19
1374
755
295
3259
3161
1312
259
2470
1857
453
1277
1287
1625
1127
318
510
1380
1307
1227
874
2531
740
1304
0
405
235
1087
358
1280
1279
2186
894
3091
615
1235
1208
1281
1274
0
630
1250
574
974
411
924
1271
1276
392
607
0
202
1048
1214
1431
1781
1274
1350
1291
2894
808
599
284
797
300
1219
2938
1169
3064
1259
1719
1279
2419
460
2890
1338
2125
652
954
2018
647
1198
1254
1175
956
1307
1853
1273
1286
329
461
1225
555
1282
1990
1098
1248
1318
1101
341
374
644
820
272
895
260
325
1099
541
2450
1080
643
362
3220
2912
1288
1349
367
1305
1474
1120
149
175
807
572
1269
538
1239
2746
1330
1264
1628
2501
597
1755
635
1234
1883
370
1089
784
115
2512
412
1282
142
425
637
575
1282
2329
2040
1254
1313
550
165
1301
243
635
360
677
594
1347
192
817
1034
1356
745
1177
938
323
1262
1570
300
627
1723
3134
406
1261
589
685
1268
858
749
1344
2371
859
589
474
499
1271
315
406
1327
443
1314
460
3137
0
1275
1039
150
1268
1279
2245
1392
1363
1035
1447
1408
1277
417
774
1377
1291
525
1331
203
1929
3141
760
1273
380
1686
3024
2760
1283
1320
1332
568
3076
1321
581
264
3120
301
1260
1221
1809
1341
1039
98
1278
1592
715
146
0
343
1317
518
1193
1344
1242
2231
472
1226
1278
1329
1264
1302
2761
631
366
707
1789
652
1290
0
0
1237
593
904
2100
198
2641
269
3146
1294
3120
1256
653
169
1389
652
852
1737
314
277
623
1318
616
1295
1323
3120
162
3153
1468
780
1312
765
0
2487
691
1204
1264
1302
1397
604
2046
1326
2126
1269
1315
157
1260
1626
552
3054
1274
581
143
1275
1376
736
1226
2584
421
1665
414
870
778
240
628
1185
4095
523
1370
408
780
172
0
1297
1374
1336
713
718
255
1258
0
596
1276
675
375
1294
463
1339
1966
1333
334
512
226
3008
1267
1287
294
1282
2052
1347
1153
778
1200
537
1096
2981
1252
937
1318
0
1263
477
1325
853
1367
1291
2372
0
347
2070
1266
670
384
0
1241
1428
3203
891
0
2080
788
743
119
1251
0
835
3120
1009
155
1118
3217
1341
2999
616
1318
1361
2440
1305
850
1284
1250
174
2432
1302
1289
819
463
1323
272
1053
232
888
581
335
230
1249
224
1060
453
0
1215
1300
1326
3138
2302
251
943
234
182
1253
1284
708
1062
1308
1300
533
2335
1286
1330
3215
320
452
3124
1332
1281
1188
654
1015
1331
1173
785
186
1228
181
1359
126
1233
1329
2218
1258
425
2265
998
800
3122
1726
1290
1255
620
2149
496
1261
1260
2121
502
1843
0
1246
702
1001
1338
171
804
1280
419
341
661
251
1337
1301
1315
770
1316
1323
3101
2151
1299
1268
702
354
212
184
0
1372
184
1243
2432
1308
2301
1361
1254
472
759
1300
357
2307
1304
764
1994
1316
1538
1225
1258
3032
117
1312
176
277
3167
1239
1851
416
1127
737
1319
1300
1326
1244
801
2235
159
1936
870
820
473
704
176
2178
1135
1279
1313
419
3180
726
3092
1420
3106
1368
3077
1305
4095
1114
261
1294
1238
2237
1286
1304
1308
422
1280
1342
346
363
803
2381
275
146
821
1321
180
3134
1319
2416
1296
694
1340
1260
630
1340
783
1283
1228
1337
3160
1585
3112
1028
92
3048
1313
1299
1305
716
1277
1233
2203
994
421
3078
1319
648
314
197
1240
1064
484
506
2041
1324
130
507
1325
176
1029
1267
2334
837
1277
1324
1326
1220
509
496
98
1183
177
1284
348
2600
1120
587
1263
1306
987
766
2338
1369
2303
3027
2559
2566
923
1267
1556
1377
1210
407
430
1332
3184
880
325
1321
1306
1255
464
1237
330
206
1293
1026
998
235
2942
792
1348
302
1874
1236
1360
3145
1281
537
1276
1309
756
1260
1099
1258
1236
1220
537
2605
1237
108
1274
3265
0
1314
540
781
1239
214
1309
1352
607
904
1052
1231
3217
759
1253
874
1325
492
523
2014
461
1071
1294
1248
804
1270
425
2239
594
1245
742
271
1315
1155
1354
142
1303
0
1321
1167
3073
850
1655
654
883
183
1257
2554
2571
395
543
1322
496
763
1202
3219
1046
1789
1498
753
480
1304
1454
1361
1226
1282
2347
1282
1364
1264
158
1220
227
1207
2463
1301
1273
964
1807
3035
1286
1347
0
1267
947
835
3014
1564
1251
1964
3020
271
1274
1224
1286
1340
1289
1155
192
1266
1285
650
1315
1266
1348
1284
162
852
1184
1238
0
741
3080
436
142
3152
1481
743
1462
967
1241
779
734
746
2090
184
1275
573
2468
1307
271
701
118
3101
3162
1310
399
1256
511
1266
826
1258
1286
762
581
646
2756
989
899
728
114
1345
111
1987
1284
453
1357
2092
961
902
616
3151
3268
910
783
914
1170
2383
1078
671
3093
1263
764
784
2059
752
187
483
745
1154
1286
1266
885
302
1238
1276
1555
1840
1350
1332
1164
0
2952
1209
1257
466
1250
1285
3237
1194
2989
1367
250
1283
455
2940
375
657
202
418
376
1084
1344
1335
646
1262
3012
585
1259
3246
3134
1324
1317
843
1301
1374
1321
870
758
3066
1496
1539
715
192
2194
742
475
495
465
677
408
1316
1343
1306
3007
3117
445
234
1270
1654
3043
1239
2026
835
1319
409
964
2157
1231
2440
1317
795
746
1384
522
0
1606
1381
1335
1299
2932
2446
916
1692
1297
1280
175
1309
589
1291
3132
119
1362
2494
2899
368
1319
3063
507
1468
1663
932
944
1360
777
1287
1355
1246
3149
1606
1364
1208
1269
1264
1297
249
287
1311
364
1358
1285
792
2668
1539
1313
1329
797
3111
1685
607
495
2940
2917
1912
254
166
1298
445
177
1246
202
1256
648
1084
554
3287
551
2327
1297
1213
623
2954
3025
1253
1242
151
1287
3105
1520
3154
672
1381
2439
405
3175
2832
976
207
1256
742
3025
597
834
3169
214
921
809
3108
1232
1316
1300
2021
0
1274
1675
1144
3161
2589
1370
1337
245
695
0
1235
1307
686
190
938
1330
291
854
1998
673
2371
2452
2724
799
1229
1207
703
1241
456
1292
309
1713
1254
1808
1181
1241
806
1315
657
415
2960
3137
1288
1317
338
2830
944
211
327
1346
1268
1282
621
287
1240
1383
1356
573
1640
1300
1023
1216
1297
2538
1697
1293
1267
1319
799
519
1222
1344
1360
1724
162
171
1284
187
1247
0
1317
2416
3061
1847
3075
827
299
374
570
3063
1886
193
1121
734
551
1234
1312
1783
482
1894
238
0
1283
1319
432
1266
3137
1234
1330
296
386
2158
1408
339
1375
1192
507
2181
1267
1273
2507
90
2486
1315
1329
412
1829
896
1188
750
232
1279
149
1203
518
3139
1318
500
1923
457
1772
787
1261
1166
618
441
1247
1086
565
542
687
1283
1513
181
1599
0
1272
203
1386
829
3033
1296
0
1368
3046
504
224
433
1488
244
390
1296
749
1319
1263
1193
773
1766
726
375
152
718
1288
1375
1252
1256
3118
1220
445
3096
1210
809
391
1414
1207
2417
192
1283
885
195
1433
560
1656
1261
812
860
970
1108
649
638
598
787
295
1363
1375
1304
0
1293
344
3046
813
479
392
1292
1577
1306
1232
3192
1310
796
167
1269
620
2996
1308
1234
861
1033
1301
1285
1242
446
1300
2281
725
844
136
281
797
344
2068
169
102
1292
2238
251
1183
1312
347
760
572
1250
2095
254
3102
318
735
1258
425
1341
1201
1286
220
3087
1006
717
1421
1320
1318
2191
1006
110
3106
150
2360
1297
174
272
283
1992
1249
3074
518
1064
1331
1190
272
460
831
1286
1289
667
467
1249
3172
3046
1390
1241
200
1245
819
3248
1315
210
1284
419
205
3273
609
1315
209
1247
1670
832
1295
1885
1310
175
1245
1329
1276
1574
916
1220
1908
0
1250
594
1204
2102
749
1517
320
383
1315
1288
93
3200
1330
2342
135
793
2129
934
1298
1274
3031
686
1409
745
3161
591
889
657
670
282
1443
1339
317
337
191
892
841
399
157
3158
0
741
513
1372
2672
1263
517
542
1240
780
1347
2335
1334
1266
617
1502
290
837
1286
105
1321
1245
1271
1316
868
683
3096
586
1249
242
436
634
1375
663
1019
1254
1294
3030
1337
1297
166
517
703
1235
152
1291
1526
1310
1337
1274
1263
1335
1279
1224
766
0
173
1251
3635
321
1296
1275
1321
652
1043
2006
363
521
1282
3086
222
1208
4095
1703
571
1160
1303
3203
569
732
717
1368
720
463
1245
2581
133
366
1729
1091
1262
395
488
1666
418
1322
725
1320
2450
1294
173
1315
1333
1273
275
221
873
1010
1297
1226
1330
2001
1279
1323
571
1462
1301
2259
852
762
1347
170
1286
1833
260
676
1269
613
3059
1286
2256
1308
1235
815
529
1988
1217
1267
1390
338
1240
1368
164
1328
734
734
1268
0
1368
1320
534
1371
395
388
1354
1302
1382
1862
616
1281
984
1304
1290
789
1609
1355
148
363
523
575
853
771
1820
1686
530
1355
1719
1318
1709
348
0
1330
210
657
542
1534
1250
1507
734
1325
697
1324
1137
1404
370
1384
1292
1379
1297
762
334
1267
1705
565
790
180
227
781
1281
3186
2541
2190
402
190
1952
562
458
1907
3174
1268
882
1284
393
670
3088
785
1169
374
659
1071
1263
487
3279
679
989
1286
1160
1908
1216
174
1507
1522
1615
1339
0
3073
1283
191
0
1302
2460
292
897
251
1331
1305
722
547
463
1330
448
434
0
261
671
1296
650
3212
1637
1030
1272
3203
1023
1172
2277
584
638
393
1246
809
0
371
649
0
1302
1605
330
1302
3113
1920
1304
676
689
1294
1306
1258
3176
0
1352
1277
2685
2500
2608
852
215
3210
390
226
1303
523
1214
1281
515
1072
1935
388
1299
756
206
970
0
1312
1385
578
538
1221
1880
956
1320
1308
157
1291
2044
1261
1287
1296
546
344
1182
156
452
1305
1293
1245
1322
1359
1040
238
296
1335
481
963
607
3098
1004
651
3117
1351
1269
902
219
1075
178
776
1325
848
1291
0
456
1281
475
1382
2629
1245
1233
1301
1237
1245
1341
1339
3098
1026
1191
1349
297
716
1080
1302
191
554
2166
1250
337
3128
3145
842
1405
274
1485
1278
0
1347
448
2275
212
373
1297
1320
470
265
3111
740
107
1065
1356
705
3171
1277
238
1216
258
1331
874
275
1294
1350
2382
2162
272
3221
1352
1283
499
1183
2193
712
1239
1308
1340
1455
836
552
1316
1186
1315
3176
1299
623
1193
307
1323
564
710
1277
923
1383
208
1998
2950
3069
1356
2070
1765
1243
1282
750
1238
3104
667
3215
287
174
3101
717
1319
439
245
221
2354
1260
1308
2079
378
1327
1532
654
422
1148
1281
1343
130
3118
3100
1338
640
912
456
1268
1727
427
211
1274
575
622
80
3163
1274
716
1326
1699
776
1112
3145
1353
1385
2305
463
523
472
522
567
1160
812
644
1323
1328
1231
0
2264
195
1316
206
482
1957
267
3190
1339
463
517
458
3180
1279
3090
3296
1291
2423
0
1335
1636
538
187
1250
925
571
1312
2056
1244
440
1240
1073
1250
1295
1248
279
753
1262
635
0
1685
211
1289
128
3182
909
1296
756
1215
2481
1307
198
2175
608
60
1203
764
1353
3137
478
1278
1317
810
600
242
3094
143
1401
467
1339
1064
1299
1299
1490
689
2017
569
1363
646
742
610
1322
1318
472
1292
1310
466
1379
176
1112
517
1289
1861
644
618
140
746
1284
311
798
892
1738
2218
226
1227
1299
2150
1206
230
893
1314
382
137
1368
148
701
946
2266
1999
729
1207
1205
1317
1262
1310
0
799
1320
3026
423
1323
1258
2176
1291
185
288
210
607
1265
472
2642
1281
1245
2317
367
3135
1144
4095
1274
182
1108
1289
3148
1325
127
621
0
1288
474
196
427
1323
603
187
1351
1318
1264
190
1199
1248
1318
782
1305
1232
494
3077
1337
1258
1301
692
389
528
985
886
795
1272
1256
290
1540
1208
701
458
3179
1291
2546
3121
1368
489
2292
1363
3144
3072
1887
728
2353
1561
269
3073
1564
1353
155
1274
1279
2196
1305
900
2173
1040
4095
939
1300
198
890
187
783
1216
435
666
735
777
498
1355
696
2052
1322
1312
2158
1364
3046
127
221
1237
697
1318
1299
1339
1303
1351
410
3097
964
1211
1255
1289
532
1626
2107
454
1317
2622
815
731
1227
1753
1528
1218
2412
2226
1382
1227
162
668
259
315
1557
2033
1190
764
1307
801
671
3146
519
1285
2518
1262
3056
297
3078
1380
270
1279
237
252
1270
1818
2365
4090
987
527
180
1325
1324
1247
1052
1302
1242
1289
2192
1271
2994
1243
1319
449
195
464
1959
616
1952
1390
816
1264
1245
884
1314
1231
532
208
1364
3065
1312
748
558
440
1348
1286
986
1271
371
3126
257
1362
3260
521
169
978
1284
302
615
434
618
549
754
1243
2453
705
1345
1258
934
1219
3100
568
454
3092
0
1298
218
2289
2195
1189
1306
1389
1562
366
1317
559
370
645
737
126
1346
1251
2170
1328
2223
1524
331
2643
2020
629
725
153
2481
729
177
1268
481
260
1223
1137
1228
1279
826
557
294
1708
1279
891
1333
722
1255
1267
2019
1281
604
1335
3059
1383
1339
1325
1311
1172
3085
645
1292
3094
677
1307
1568
1246
1267
342
2671
2022
1420
1079
1228
3144
1318
1302
1999
1287
63
1704
1332
524
1380
495
1329
438
199
876
1195
432
1346
1311
133
648
277
501
1130
283
298
3109
1337
1312
876
241
1202
3125
1303
0
1124
1294
329
1325
1991
1314
909
90
1096
642
1355
1233
1332
1344
135
1271
968
488
3053
1325
1357
2452
645
1259
503
190
3008
135
772
208
1318
187
3127
2479
757
1314
1290
521
1290
1239
355
1367
808
3040
1196
1326
295
2039
444
763
1350
469
1678
1357
498
1767
1284
887
1272
226
3088
1313
919
1176
117
1296
1350
2018
1331
1132
1307
878
1377
169
1343
1675
1253
352
1289
1302
769
1300
1356
3129
1297
543
642
309
1347
728
1324
1266
346
681
144
1636
792
1320
540
3208
1315
1147
1393
320
870
1311
1359
831
332
462
3160
1273
3152
1159
1216
2475
1231
1423
798
435
1154
3099
2745
1243
1874
1331
3200
1259
607
1288
3264
1287
1288
3167
341
480
242
1669
1749
1260
118
1342
1277
1947
1290
1357
530
897
312
391
626
531
1263
3047
1231
1246
426
1391
1252
572
1264
1332
1318
840
173
1744
1316
1294
204
1267
3307
1272
1349
616
3108
2778
1325
582
140
630
443
1241
1369
852
2012
1261
189
1401
1126
937
189
551
106
820
2344
1266
1418
175
605
888
1150
1277
666
2236
751
2639
602
666
1322
192
1336
2123
3019
215
726
1251
681
939
204
1278
1780
1225
1628
3061
3076
1277
0
1292
1276
1333
744
1338
163
1344
2054
1291
1927
2515
197
1336
1306
0
1303
482
1362
0
3267
1293
116
196
1381
1339
2495
271
1337
1270
1226
731
1229
791
0
1312
2752
1308
1320
1172
368
1253
3130
1327
1302
220
185
1322
3112
343
116
1317
183
1820
980
1545
299
493
0
1310
1344
1340
808
1910
1330
131
694
194
364
2240
600
1342
3187
1963
329
751
2395
2261
963
1455
186
1319
3113
1253
476
1382
1196
1295
3092
1300
1899
1123
2353
379
981
1332
206
1272
1310
2294
850
1234
320
1381
1275
1215
819
2135
3154
3168
1855
1373
828
440
1332
186
912
277
1682
792
796
890
1237
553
1263
116
898
570
849
674
359
1927
798
517
662
708
1285
602
0
1401
990
216
1351
613
1347
1282
654
1288
814
1315
391
589
254
1366
1343
533
566
1312
3016
1246
425
1285
640
511
1238
653
1151
1332
1277
2128
3297
3154
579
567
173
411
406
1295
408
1245
1313
1301
2034
699
727
1263
1240
1322
508
3149
227
317
859
1073
2307
182
1284
1243
1304
1308
1329
695
175
2440
826
1372
1260
3016
715
2192
943
1308
708
365
1315
1358
1834
885
1372
1233
752
166
1260
1275
434
1212
463
1294
999
347
2027
301
2392
593
999
1163
2020
263
3105
1330
3171
0
2048
1285
793
1458
1351
2307
170
2334
0
2616
1288
1942
894
1834
736
1368
465
1216
1187
425
0
1641
1306
418
2286
1263
1227
385
1295
1434
1241
745
980
1234
1256
874
582
348
1257
0
2455
123
1310
1294
1259
1272
1315
1310
3112
1322
500
1308
3255
453
1070
599
607
1337
809
1327
873
1311
1374
1436
1438
575
1344
350
3146
1308
508
1274
2377
1522
3215
1274
191
3075
155
1310
176
1957
1394
1319
1362
2275
1432
507
1340
2146
1307
1328
2533
1714
1316
240
1281
3138
247
0
1216
1656
566
4095
795
1299
1712
3097
298
1356
1231
1355
513
1334
1894
1072
1348
768
1170
1286
144
938
1255
223
1322
252
389
1366
1336
2399
1300
1292
1267
1520
892
1293
3060
203
614
3123
1279
799
3044
217
953
157
3080
665
678
835
1235
1289
1471
560
1337
1283
207
1289
1276
1324
179
158
1321
1302
1297
1362
1344
569
270
321
3120
3054
283
1140
1284
1280
713
1478
731
1308
1273
387
1334
774
485
1359
231
2184
2792
1137
1757
845
1498
1365
558
808
389
2641
1298
1303
1173
1369
1324
395
1254
3094
736
3117
1254
1872
1312
2064
640
1287
915
3167
526
1492
476
819
2493
1272
690
1343
1103
120
384
671
3247
1325
1739
3236
1187
1213
1759
2175
1305
1342
200
1212
1360
588
2310
1274
233
0
1282
303
3165
468
181
605
949
704
0
553
1298
186
1310
1300
658
1334
1353
0
599
203
1258
3241
2371
1195
1288
208
1025
2599
1287
241
524
1070
1330
1316
545
550
1100
1292
1011
514
1273
1244
576
437
1272
1329
1315
516
1386
1210
606
327
1299
236
616
489
344
472
170
932
1176
472
1338
762
3158
1284
1271
468
2342
786
1598
1310
1288
3257
1043
1320
1253
1293
1304
2344
575
3035
767
1357
3218
2502
3164
2014
1282
427
413
1297
1329
187
225
1172
1231
1329
842
2472
140
242
516
1295
716
982
881
1294
352
219
3111
1068
1328
307
222
2019
744
648
1264
229
3062
386
1261
1265
371
3029
3106
388
1250
2325
1312
224
821
624
348
2506
214
583
797
344
551
1123
1342
593
2246
3140
1270
1355
1307
0
3080
153
1266
2566
186
546
693
1830
2999
718
1175
3111
542
817
769
1299
1272
575
660
1360
554
589
807
1191
1457
1117
796
353
1167
0
103
652
1309
1274
826
1968
1263
337
3123
1329
229
213
1233
1074
2356
1212
1308
3137
584
0
550
546
1299
345
1302
558
329
1319
376
2470
128
1292
425
1366
1263
883
523
1288
1301
1332
3277
2261
304
2444
1205
1244
3073
3169
347
1309
547
1068
1312
676
452
1307
1346
1286
763
738
689
231
404
719
1306
1371
2568
841
531
3094
1603
2683
3127
1290
786
1363
1282
673
727
1282
606
1367
696
1309
1292
195
1286
1855
1206
770
1275
0
2172
2124
1256
1209
1845
840
861
618
574
222
1243
2385
241
108
808
648
377
1279
632
475
0
2230
1326
1295
243
1262
485
2366
488
2157
1295
1277
279
2081
192
1352
1080
1095
888
1359
1280
1256
706
442
628
944
1285
1305
1321
308
272
486
1278
1304
1299
3191
1271
1222
1384
1254
1089
1285
1919
465
1259
474
3075
1221
1296
2500
1079
1302
3054
3029
1371
1308
1250
1212
568
188
1248
673
3165
624
2944
300
369
495
1192
1288
758
1339
1337
159
3041
731
1013
1968
607
1353
1369
899
1326
573
0
3074
1969
958
117
500
838
1023
1979
1608
499
301
1402
1302
379
870
1251
1985
412
101
671
713
1341
1345
662
2356
824
723
1833
1208
442
175
3048
805
1347
1278
1367
1384
1267
102
2075
378
2917
1271
2433
182
195
0
649
226
1323
639
122
2417
743
189
0
189
1018
2248
0
1281
1367
1365
1261
496
445
424
1298
1266
808
610
357
1330
1579
1947
1283
3106
1348
1271
550
1423
178
605
1371
627
503
677
1248
1296
3171
479
1594
724
1292
804
1218
1273
1232
696
1296
147
1500
343
766
1329
646
1277
801
2526
175
2012
564
623
771
1227
1286
1304
1760
193
2425
3160
592
807
878
124
410
212
1303
665
2519
383
2817
706
1300
553
3038
3042
1272
662
1773
745
446
1265
858
2129
520
590
1310
1305
1305
561
1379
2990
1051
174
665
1257
0
821
3203
134
228
1275
964
539
179
373
1237
1195
1231
1402
355
439
187
1667
1326
1318
872
3197
363
582
1244
270
1343
1325
1881
1329
0
488
564
1305
2478
1389
552
1304
683
1235
0
1067
731
3155
2573
367
227
850
1040
573
451
1280
1487
2317
276
1522
738
702
1349
318
2905
1242
701
448
1231
384
580
972
3049
1311
2030
3124
2968
626
358
3107
1332
2952
237
1261
972
1245
3142
1066
3090
1308
922
848
1229
1250
1304
1243
1305
449
1050
759
1285
1277
537
1327
3141
1268
1277
2987
1051
1408
0
1285
4095
1333
652
1325
1255
432
1688
1259
706
1313
931
1348
1312
3288
945
3062
1315
1320
1292
2266
1331
925
1151
1449
1177
2330
186
601
734
1327
340
184
680
392
1386
2523
1249
3123
1310
534
774
1420
488
1356
1261
1301
2272
1222
948
1236
1210
1281
1345
1258
225
249
792
528
238
1001
3188
1141
269
1466
363
1258
748
355
2490
826
1281
1733
714
1293
169
1224
803
454
1097
1256
1305
368
212
1350
655
464
1322
1346
1362
1018
2641
812
2120
840
1249
432
390
137
1241
1575
480
0
1310
3152
0
2264
189
1280
1320
224
2992
1870
837
1330
896
1742
804
1397
639
227
645
199
1321
656
1323
418
3104
3170
327
1285
144
532
903
1266
344
3059
1329
1221
519
297
1501
2036
1913
401
0
2240
1209
1236
1274
870
504
1452
793
1333
721
1338
1365
704
486
1325
1469
54
1337
3145
1333
727
203
1214
2945
2506
3039
1993
0
2593
3089
1380
2302
1054
656
3052
1224
533
1573
542
1225
1023
1343
1278
366
1337
106
3055
1293
1312
663
1280
130
3085
1296
1316
793
210
3009
204
388
207
1334
539
226
1244
1245
1061
1229
1408
651
1262
1229
686
1100
2205
3127
1278
1014
2154
1317
1334
1279
0
1190
1346
1308
0
1287
1310
700
505
1316
1306
145
609
3069
1300
1254
1253
1372
1321
660
3149
1373
155
233
545
491
1288
0
383
1371
1188
1334
664
1309
481
2165
1197
1335
1793
985
1139
1754
1367
878
1308
633
709
248
1252
641
1268
1292
3202
1275
3054
1259
1286
1099
3188
1277
1276
3204
741
3839
1095
1770
2190
2959
387
1256
3175
261
1268
3165
1284
308
225
574
791
1915
487
1293
1288
3166
465
3090
1335
1325
592
1313
574
0
1962
505
520
2576
460
599
1222
1248
720
3000
510
1326
462
794
1289
273
160
1250
1323
1275
1085
1297
2159
653
630
463
1348
1320
923
3011
1291
528
3064
487
211
1258
1289
2303
1253
362
801
883
3144
1336
1290
862
3032
1294
3185
1288
999
1326
2665
1286
1207
1294
1212
1315
1537
1346
3099
1187
1306
900
1600
1303
1352
886
774
1294
557
1228
914
450
1023
1046
1301
517
1294
683
1009
394
758
408
1350
1920
2507
1866
205
1405
2155
3080
1257
1300
3060
1955
1320
1389
2284
1272
1267
493
0
1337
642
666
1283
1333
2409
1173
1269
792
3120
1170
1965
3001
477
1030
1294
1203
798
1276
1270
2596
566
1323
1290
698
1308
195
3044
589
1235
1844
178
2676
555
343
534
1320
1338
204
1301
289
896
619
1302
1236
1271
896
320
1279
1446
1213
1266
2784
1309
0
2400
1267
3042
640
1774
1255
1412
252
2231
275
173
586
1272
101
657
168
1952
1294
270
1319
600
0
1362
1248
877
1254
1321
1283
185
706
661
612
3281
1240
3100
1331
1775
598
1421
1874
807
1600
169
1295
1113
631
1307
207
791
2385
1482
2475
1182
2191
504
881
661
1212
705
1177
625
1910
1280
1240
0
459
373
530
1293
620
1047
3181
1333
645
1706
694
1319
533
154
2054
1223
662
1247
1265
1232
1282
1297
612
2499
147
1496
1099
2012
696
1317
676
1288
429
1336
1262
2475
1174
1286
1945
2423
1373
1235
753
3215
194
490
1345
3130
1265
1217
611
1238
529
867
1294
1343
188
589
0
547
1030
157
634
3256
555
155
567
1269
1223
1271
579
1316
1297
3159
1347
333
1312
1316
1259
1311
188
1357
1302
1305
3123
0
997
3120
829
1409
677
2062
1234
1208
193
1364
1274
373
809
598
1278
1323
2582
411
1298
1457
1362
1810
701
994
1270
1307
1279
1246
681
119
1792
1206
1278
681
136
0
1224
1323
0
1318
941
1357
1300
324
530
1301
623
1355
521
735
1224
3146
3176
808
1720
1230
1222
0
449
669
2608
1002
1316
1295
1262
1352
1587
1367
575
1279
2315
504
1198
1276
1284
2404
588
1361
297
274
2626
1288
0
240
2455
1512
987
819
794
750
353
1325
777
509
1321
88
1581
839
2304
1937
371
1837
1275
2097
3106
266
314
1288
0
1519
1322
1250
1318
3072
184
608
0
1038
1309
1282
769
249
2542
621
1287
1299
591
1311
999
1248
374
431
1274
1305
276
1294
0
892
188
1332
1696
1425
808
1257
1354
1240
1254
1564
655
1299
3135
1326
1329
873
1321
3116
1220
1213
1327
1311
1423
173
835
1233
591
3143
1285
1229
1264
505
3231
118
1198
1232
1184
1322
1481
159
1323
1254
312
3150
1908
639
227
1415
568
2272
154
846
1802
1873
1359
1484
204
662
1311
220
1334
468
250
124
2572
1287
360
1254
145
721
319
3248
1714
3072
1394
166
0
1332
3064
907
3133
1235
765
1281
1355
1253
862
3076
387
1267
1312
563
440
1194
1338
1219
484
162
396
1268
2340
1286
654
2023
417
292
308
1270
3083
2004
751
1259
2349
692
967
2233
553
1151
1254
591
1262
89
634
1227
719
1372
1341
197
1298
0
1334
480
1272
1339
945
1388
1242
1375
1320
197
1269
1329
2723
1863
343
1430
578
1265
3425
1213
1298
524
1297
1073
750
1091
1315
0
1285
856
1890
1267
170
1340
1242
246
1557
593
1313
1365
2317
1109
1303
1758
1311
293
992
1255
282
785
1344
1340
1687
513
1313
1606
2572
1190
333
1308
1968
1294
1284
655
564
1361
234
671
834
1272
1253
1350
1259
1219
1413
1301
1347
1292
3095
2374
97
1132
1313
592
1354
1252
1343
1305
1361
1371
1306
1092
551
664
1307
820
913
1309
577
613
343
3195
1433
1331
300
0
773
2243
413
1220
1196
1116
1805
521
535
1056
879
153
2140
1472
550
282
3100
715
952
1290
336
1259
578
1302
379
1313
1304
2042
1273
523
2858
0
1258
1662
2452
0
1529
250
1235
2026
2558
3028
2130
3217
1277
2525
2687
479
386
1321
1291
346
1304
1262
1223
244
1231
923
1286
3120
1592
1249
1326
465
1313
271
1339
1815
1354
1298
1931
1260
204
1639
175
1391
1242
1308
796
1141
2280
1207
3159
1687
1749
875
725
736
1267
329
551
1285
1165
0
1262
684
175
953
2227
1282
1264
1276
1084
1303
1351
929
299
1257
882
906
297
1283
2882
1292
367
2143
1161
446
238
1311
1291
1372
427
998
816
1974
194
2808
3214
526
889
1324
643
1176
1393
608
1281
256
2107
646
743
630
2238
1761
1460
1490
0
2035
901
155
285
437
1326
630
710
342
1113
1248
696
606
223
1275
3134
1991
1274
1496
1436
1650
1957
1294
1276
733
539
1328
578
3511
1238
1257
158
1380
1248
336
1335
1279
1278
1324
1333
145
192
454
237
1287
162
540
1658
771
1283
365
1285
625
587
1003
2023
849
1242
210
1332
3100
1393
1204
1940
809
1222
410
1557
3094
3090
652
1248
3104
1412
1181
1338
1243
2177
1308
1319
1257
1257
1278
200
775
0
506
3183
3080
2229
1399
286
2305
1733
2199
475
181
1309
1316
3204
1334
1312
635
1323
120
1249
3160
569
1333
815
768
1273
1434
0
297
1326
1920
1282
690
298
1605
1918
1902
846
1262
1136
1236
2548
865
499
1232
539
562
1299
1249
3085
1613
660
2027
2194
1399
625
2187
2640
2112
1307
1308
854
1345
248
906
1297
647
977
424
1228
1284
759
773
658
1248
546
2012
1195
3127
3199
1577
540
1362
351
2548
1360
2276
1970
1317
1183
485
2472
1342
1363
1271
2143
1369
1229
2136
578
932
845
1325
1373
1013
2336
1251
539
1337
221
186
3189
3218
1801
2043
1333
254
1888
1108
0
2203
331
1330
733
728
1186
1863
393
346
148
834
1381
1563
933
230
819
2091
1238
1329
1205
1292
1309
2111
1272
217
398
2498
812
1266
3086
971
1319
357
1275
890
998
729
1321
181
2780
1331
768
644
3109
0
1190
1393
1621
182
1285
2174
1101
1372
1274
579
203
677
1730
1286
0
854
3155
179
1321
1786
3015
1245
1276
613
336
403
760
203
1216
1298
1263
1016
507
3206
857
1282
1279
980
1302
1263
3225
2238
826
1239
1946
1314
452
1305
1288
1591
1239
1399
0
1275
192
1322
1199
253
1238
569
1787
3160
961
1726
1314
317
1262
1233
2483
2275
0
1249
1372
3090
1400
1293
527
1246
1308
1314
780
2160
1269
3168
3178
1303
1242
2380
448
236
1963
303
192
279
1206
1240
1304
1235
2542
1340
1283
1285
0
186
1305
2570
3184
1319
481
823
241
778
1177
1526
1262
823
362
1451
1223
788
1312
1331
2376
862
990
170
1892
288
1023
1267
795
1274
372
230
1308
321
1890
637
1954
180
3107
205
1005
2990
3096
564
3130
1304
660
3130
249
122
889
1296
1242
1290
172
665
784
1364
1343
2588
602
1220
434
278
1260
1298
0
1314
1250
1277
1279
0
227
1236
617
848
1343
1408
583
1310
1572
1284
1521
3104
1364
1323
1001
1938
379
201
1299
1232
3169
1344
1084
172
185
1304
596
1249
0
1303
2945
208
1383
1269
1549
131
754
3226
3244
192
1248
1365
768
192
156
1283
3068
508
3099
2119
1494
1282
1298
2226
496
515
1317
373
391
1340
1282
1256
1264
653
1280
450
569
1123
1317
1352
285
3104
1278
333
1182
1078
1332
2570
627
1326
0
191
1131
646
1305
1230
511
2388
1227
627
1761
2505
486
1304
3804
0
240
1294
1326
1565
794
1263
322
804
774
1300
327
1418
470
3113
3079
1291
1318
217
1209
1329
1362
117
1635
1327
1267
1263
3129
830
3065
1357
237
173
1288
182
1927
1315
270
1283
433
1101
1245
1234
1292
814
1329
3170
1297
330
2521
506
971
172
1240
1313
863
2026
1294
2351
125
585
1255
855
511
376
3063
791
1276
242
1270
619
183
1251
1225
194
1226
4095
199
0
973
1974
1352
302
1319
1295
725
1363
1279
218
1286
1327
1297
1293
1342
289
357
1264
609
2068
439
1932
402
568
1301
1422
1251
1263
1203
664
1312
1958
1117
1332
526
233
772
217
274
559
2716
1889
2598
1248
1252
1253
0
1042
1990
1296
322
337
349
2570
776
1300
0
1300
340
796
4095
566
2743
1345
773
527
1206
1319
1251
1663
1279
2856
1320
615
1268
898
3237
1243
801
3002
1317
1346
3166
1232
3090
691
1206
3097
277
1320
1284
1391
1267
1277
1281
1349
1225
170
1365
1321
234
1228
844
803
1268
506
533
803
1386
1304
1357
1358
1274
114
360
1236
1281
1240
1787
1267
887
101
1665
1282
198
1455
1138
1241
1273
1268
652
455
1331
1517
1308
4095
358
768
134
303
1006
141
1262
651
279
260
1226
1906
1328
640
150
1358
238
1232
3151
1058
1421
1340
223
268
595
1248
1983
1277
1209
1250
842
1906
800
1223
1258
0
2383
309
1324
855
1328
172
799
925
435
1297
1362
374
1259
724
2360
1318
81
1071
681
1314
1744
638
281
796
1478
1251
568
2320
1294
1237
2261
290
1312
2564
2245
1321
201
1281
480
3056
2387
1347
1198
216
2282
1354
982
3160
1285
1282
1265
773
224
1147
1301
511
1308
2286
1026
1272
3198
2067
307
1976
1835
0
0
1258
1312
2371
433
224
465
1351
462
1122
446
372
1328
1320
193
1332
1278
1385
578
1301
1205
1255
3059
3058
207
471
655
2364
1954
1228
1357
1316
1747
1240
1284
1268
1257
79
852
1325
387
280
1350
92
1334
540
0
1806
902
2100
3096
1394
373
1344
1221
160
875
1248
1245
1798
615
479
1352
1182
625
1356
1128
542
1314
3088
1370
1840
1300
1250
2047
409
552
620
382
1319
1315
1290
192
771
628
1252
1248
202
928
3115
1232
433
1254
1305
182
809
1263
807
394
1266
1078
668
3131
444
1292
1302
373
653
1251
2002
0
2222
1304
3057
463
1289
1302
510
291
1281
914
4095
1601
544
353
883
268
502
208
1296
0
686
1158
825
0
1198
1202
764
1269
3098
880
1222
3089
1291
2178
214
865
186
950
457
997
1345
1321
200
1508
132
2662
1311
1015
661
1367
3046
1262
1276
634
893
916
1241
8
1674
1237
493
1256
2216
1328
1094
1351
731
1267
369
0
1736
1330
500
1363
1361
1052
1282
2359
3254
1294
1265
696
582
1290
914
421
1350
1289
429
976
3082
1438
3157
1290
1251
161
917
3230
4095
1247
1512
401
2187
1331
3111
1273
0
0
1300
574
833
741
417
1256
550
1292
1329
1288
1332
731
179
1353
799
0
1284
2134
1330
1277
481
1058
1304
1621
1256
654
430
1260
629
2895
1304
647
1621
1272
232
1312
493
116
3137
1243
3042
1323
2345
468
292
1251
3219
1305
689
3116
1093
851
2710
923
699
1496
3173
1239
1328
357
2715
1131
1259
743
1018
1284
202
953
526
290
3822
1287
1951
1283
1335
857
1656
1451
1283
1296
1794
744
725
1908
3129
840
3081
507
862
2043
1264
1261
206
825
1038
1276
1368
1800
227
687
1290
1122
377
595
582
618
268
1322
3084
1125
2427
782
1366
661
0
3054
2921
3203
1318
1289
1176
2694
319
216
2959
852
779
1367
931
368
925
570
1500
818
547
3218
407
3048
1339
0
829
206
106
1273
825
477
160
1299
1321
2001
181
1324
3187
1330
1283
3100
770
415
1317
1266
511
1240
260
637
1343
905
655
826
656
1297
1269
1298
2310
768
315
1321
790
1053
619
1257
144
3120
198
918
360
1365
601
1336
625
729
1302
851
1702
1338
1269
1198
1207
1376
1277
1310
1205
165
697
410
445
1262
1199
1800
2474
1978
3079
3086
770
1302
1537
1260
556
645
1270
820
829
1352
1350
1977
2284
1311
1246
645
668
583
442
2384
747
3170
1805
3204
1266
1356
1274
1280
2333
1265
1272
950
1350
2486
902
1313
1671
1309
1343
474
3196
3046
1342
887
789
2460
1305
2455
1345
1334
854
704
1302
461
1327
1288
1307
0
660
1370
1237
1192
1837
347
2927
1276
1302
1321
387
1271
1352
150
92
1294
3153
469
1371
1272
1178
1631
1299
286
1286
278
176
1314
1338
105
1074
0
1282
106
321
780
1076
478
3165
1363
1314
1225
3046
200
683
333
821
152
202
1314
642
1263
1328
1338
591
1343
1345
1342
714
1354
789
1225
1296
0
238
0
1252
1279
814
1289
1778
1814
789
1857
1695
103
1309
1220
1297
605
1310
1248
620
760
1300
1282
2847
1282
1483
908
857
1295
2490
1282
871
249
192
2744
1307
251
1226
2239
648
1325
1368
652
1796
1308
1212
3232
1291
149
1228
678
1309
2584
292
1289
1333
1921
494
1339
800
1315
0
3158
198
3234
0
1826
3015
623
1271
2533
720
698
1266
626
1322
1315
201
485
307
1298
2308
1325
982
675
3033
1311
1149
1416
136
738
188
1301
419
1318
1001
1057
1297
3121
2116
3072
1710
112
192
157
1350
388
711
1271
1373
1222
1138
2377
825
2012
3033
1688
223
691
626
707
1328
3141
744
174
1410
2164
1312
1202
1246
548
1225
1924
3129
3104
1909
1350
381
2477
577
1441
1229
3052
0
220
523
1259
3170
500
1277
794
1579
1305
1309
1286
1235
2068
1319
683
645
1312
775
1994
380
1332
3155
1170
828
928
448
1300
2163
1235
770
1287
201
1280
839
638
1424
568
1306
575
1284
740
1232
314
835
2080
565
1295
1222
0
186
508
1308
1246
744
1992
962
296
1304
610
530
603
1226
3196
677
344
1392
2208
2162
2031
1260
228
2945
1334
1229
0
761
3002
1369
1296
1156
1350
3051
686
1264
1098
1270
2211
1273
1221
3097
144
1256
279
433
1279
2005
659
184
1324
1226
1335
0
1284
1300
1346
975
1543
658
314
339
1267
781
1340
665
3107
733
1976
1304
1305
870
1254
198
778
181
682
1328
226
1299
1106
1374
1217
1300
1240
1270
2936
2213
1135
1353
1249
3035
1284
1279
0
1436
0
2308
1281
2407
1970
580
99
764
1194
309
1286
937
941
853
236
390
1291
620
791
1259
430
0
0
1274
424
837
1255
895
398
1277
647
672
1357
2074
435
526
379
591
768
573
1320
0
1646
794
1305
1292
1343
706
395
1304
1336
824
1250
3127
0
1619
1153
2955
1282
1324
1056
1381
318
1376
3089
1246
1374
187
3150
528
157
1315
1698
1420
1224
1004
961
264
786
105
738
2512
3047
1331
809
118
914
3034
534
357
320
1270
1887
0
1240
1705
1298
1383
429
119
3072
157
3035
754
0
816
1332
166
1273
3088
1296
1303
2428
972
1646
202
708
2378
1258
1342
1329
1430
1296
1482
1278
1222
3207
1282
502
528
122
725
185
496
991
302
2438
624
1390
897
719
2107
562
3054
1012
265
1053
3100
578
1364
718
1296
2539
327
1235
372
2929
2530
1352
1339
185
1289
1231
266
308
1270
1315
1308
1106
1399
1824
1305
1311
1301
1255
1149
1308
1619
1403
1240
1228
1282
815
719
1326
1187
1298
1210
1279
1373
377
273
1258
1196
0
524
178
515
578
1271
624
608
831
1351
1292
0
0
2657
570
1551
3132
1273
1339
512
3053
1234
587
866
1302
854
1272
189
1237
186
359
1260
3116
736
1254
1272
957
1312
459
1297
1233
0
1284
766
1272
1964
588
2246
1385
335
118
1668
495
642
316
1289
3113
2996
189
1306
474
1257
822
907
808
462
907
1314
758
1353
1223
1288
790
961
1323
855
1195
117
1289
199
1339
718
156
1411
2038
1294
1573
447
1225
924
2071
766
2448
1331
1401
1259
1265
441
1530
832
1282
1254
1046
3140
1359
3089
1298
1021
1272
671
1305
1265
462
700
823
1302
1250
1316
1262
1211
573
805
167
546
1159
1322
1006
1281
1318
1644
1049
227
1267
136
1961
3008
133
551
844
1330
944
923
1813
492
1372
2083
1347
1324
2011
2178
0
1219
3132
0
303
1302
2065
600
1297
1339
1294
1326
782
721
2070
400
1300
3118
1388
2404
1284
1317
1414
1303
852
1218
1048
1091
609
1288
1345
191
1358
1288
587
1364
1298
436
760
401
1221
1293
1300
674
1284
2283
1354
738
389
1232
781
581
764
1256
782
1351
1445
1296
0
1195
1283
1278
1220
1999
1084
998
0
1355
336
295
1268
2088
1263
604
359
2061
346
426
862
197
3538
2328
1323
1310
810
760
504
1800
3109
1330
2642
1330
1058
1296
1290
768
296
1321
2336
1254
2267
1252
349
0
2428
311
1273
291
211
2507
3121
1297
1286
413
1315
3384
1323
1387
548
1279
96
516
1741
163
462
1344
1225
3104
813
1293
1214
1276
1044
364
182
145
742
1382
1320
1343
1308
1667
1679
1243
1100
1272
0
1355
1277
2508
1281
1254
518
1181
591
405
1358
1297
282
743
1324
1118
3148
1335
1298
1302
728
687
1174
1320
377
1273
753
1214
495
344
927
385
256
1224
439
1378
1039
504
1276
2011
451
677
1025
1321
1403
949
484
1254
3090
270
683
1896
2638
3141
688
973
237
84
2312
0
1253
782
1308
304
1294
657
662
1261
1353
2085
574
646
2045
1225
1043
1378
867
3087
303
1321
1726
423
1187
1109
1300
298
305
3026
1261
1293
856
0
1813
88
706
563
180
1302
1295
2038
1301
2129
625
405
1138
1006
1230
3268
620
2414
2477
2752
2219
533
1350
1317
3094
3429
674
438
1344
1308
2137
697
333
1090
855
1207
466
990
1447
1699
1330
771
2128
709
1276
1315
1639
2401
1582
1289
673
1483
1982
1358
1962
2997
1226
504
580
0
1915
1318
673
1637
1307
1321
1287
1166
853
536
1218
864
1255
1314
1313
2000
646
609
1314
1004
1991
175
1311
823
1334
1437
1300
3079
690
681
843
1235
1280
1343
1560
3114
3134
3160
1216
428
1274
3134
0
3044
920
1224
2528
321
1365
3001
0
676
3026
636
553
865
1250
125
645
645
2552
548
1301
336
1307
1823
1780
1177
1193
0
1028
279
1172
1274
314
1846
3142
876
201
985
1252
784
1277
828
287
3074
511
1313
917
3074
197
1542
3182
358
667
2210
1260
3063
3107
577
1260
748
841
741
2195
0
398
1384
326
3069
804
352
1327
132
2976
1250
1349
1332
1377
166
1753
1106
1000
136
300
2353
1227
1319
3116
496
1262
103
1343
1808
209
604
2346
1313
1302
2974
1325
0
1231
1283
270
559
806
268
541
710
1309
1352
1888
3213
1237
606
1279
930
1259
1718
0
1304
1324
736
1266
1302
252
231
362
672
220
1348
1241
670
246
1336
1280
1134
1984
1308
881
496
280
290
1230
682
1302
0
0
2492
2455
1301
1355
1364
354
1231
2451
679
1294
1200
1255
2349
671
1296
3113
1298
2578
300
806
1318
3083
2007
2550
389
1283
2202
1330
758
1218
1298
1329
346
994
3024
339
1135
1315
1338
2807
2098
167
1068
2647
1391
1352
1292
1377
3050
1320
3142
906
1350
1560
1219
1290
154
1270
2406
571
1080
571
2494
2480
1082
395
408
1345
1357
1119
2386
492
1223
347
1255
1323
1280
1329
834
1378
1284
1276
1208
718
1070
1932
631
317
1669
1288
815
784
1324
1438
1286
585
2243
677
243
1947
1256
793
2325
801
198
527
573
422
3110
1334
1344
2271
1538
2983
1569
550
3445
254
3042
1264
196
520
2286
293
1262
757
1357
1265
704
435
1459
1916
2193
2925
0
231
732
1094
1226
148
1061
624
1295
592
1371
753
3159
0
395
0
3158
1264
1441
1345
1311
710
634
1291
1310
428
3183
1327
3171
1373
185
1261
1332
1240
1631
1593
1251
720
875
332
1367
680
1312
1277
705
776
1263
1391
1258
1082
2187
1094
1480
306
244
190
583
340
769
1292
256
1253
0
1336
1246
3153
0
1319
1241
1354
1286
839
888
841
493
1299
2279
3022
1336
1261
1308
705
786
483
1155
3177
1272
1281
1301
437
1361
0
1198
890
700
1116
1408
1349
319
2745
1291
1998
1229
2450
1925
3098
1461
1249
195
434
4095
3079
0
1043
510
3087
406
697
1277
2818
1394
3063
410
1290
1277
334
541
1319
1582
528
2200
713
1954
315
1754
1306
1596
210
437
2432
820
0
199
775
156
1310
2268
3165
1202
1324
2997
681
1215
1272
1268
1350
1307
273
498
1303
693
1400
681
693
1303
1264
1579
1826
2477
1341
185
1315
1071
769
1359
3294
1264
1300
632
1268
1020
0
833
326
3345
1635
1572
1239
2113
1302
1307
3135
1301
1429
509
684
1258
243
1351
1251
1323
1489
1403
1311
284
1237
657
647
711
1235
434
1363
810
1330
4095
1339
1008
684
1349
2543
385
1355
1226
1943
475
700
1339
715
216
1702
289
514
1296
1298
2738
1324
1342
1421
1350
525
2295
1327
505
1318
1054
1897
1297
690
3154
3196
1272
1050
1068
1319
3085
1285
391
1193
1337
154
1291
197
2229
1321
2022
910
1313
2843
1295
193
1283
316
320
1364
373
578
3047
746
1272
345
156
1440
669
692
1301
833
725
1255
1054
1278
3011
1184
3000
751
1258
82
712
1323
1074
1264
1248
1304
648
1322
1683
761
152
1270
2099
1319
1311
3089
449
511
1275
379
403
1204
173
1326
3228
3157
1659
722
2864
1218
490
1700
452
1203
597
237
1294
788
2158
2345
1624
300
462
1207
3067
1312
1260
2301
158
302
1234
590
1341
437
1253
907
805
1263
134
1011
1341
1293
1242
0
530
1345
0
1330
1262
1376
1393
1145
1322
246
140
503
1745
2114
3234
437
1294
706
187
649
257
1222
500
1087
1358
208
1642
1308
324
1318
324
2391
2643
625
2156
1359
1260
379
440
840
471
1340
499
1337
412
3230
1281
719
1369
1229
1269
1209
3133
165
1271
821
1284
1035
3183
783
708
3050
494
616
696
852
192
1306
2375
1164
1236
902
1976
1382
488
427
154
409
1298
0
1296
1227
801
3213
2274
1301
1245
1695
1297
1065
1347
1239
1446
1313
1328
1318
403
781
1219
419
1840
2262
1374
3132
1387
1382
129
903
597
475
2245
676
3134
220
2736
354
1186
796
1280
529
2963
1326
2718
215
786
1824
1406
1232
202
471
1326
565
2347
575
199
429
269
1207
224
798
1280
2466
2812
1301
835
1467
0
703
1214
1293
1273
2112
1367
1086
774
2284
1327
781
874
423
667
1331
446
231
1324
1273
1381
427
1314
1303
1329
1285
985
1275
1271
1328
0
771
1412
1136
1386
2193
579
1286
3264
1312
1311
1344
1155
0
200
1367
2329
542
917
795
1757
381
1349
597
195
1032
2395
1105
1373
750
508
612
1369
856
802
1279
1665
235
178
0
386
140
1264
817
1688
1186
1276
572
247
464
1205
3123
587
528
0
1429
517
2356
670
2448
1571
209
909
1326
258
956
189
711
682
1256
352
427
1037
1292
1200
1294
1234
1375
538
2413
307
1332
1126
1144
184
1065
1094
1304
673
2083
1330
1674
522
1336
3101
384
1310
1282
1161
1424
1346
951
698
960
190
1379
1322
577
1333
694
2034
504
1319
561
1383
374
1288
1191
1329
171
1313
882
771
681
295
407
1688
622
0
1278
942
1310
752
1309
3169
1337
685
89
433
2659
187
301
1339
1306
235
4095
1283
257
1392
1994
2093
1359
1322
556
2229
3149
1356
156
810
1235
1237
2417
3301
291
1286
165
219
1106
1259
1067
517
603
1319
1574
140
1340
1168
1087
478
1903
3210
162
779
288
568
1370
2472
3116
455
374
3151
1324
1315
1298
0
1305
2040
981
1285
448
1279
452
239
3256
727
727
288
1267
1336
1327
419
492
1196
3165
3074
1294
773
477
660
1338
176
1320
570
198
418
1331
411
878
1243
1274
1284
376
2714
0
1264
168
1215
344
1391
2259
1302
1299
589
1023
4095
976
2278
377
2294
1063
2951
1241
1340
1192
3136
1346
595
197
1822
3062
1286
1299
1259
1306
3184
3120
3113
639
1277
424
1275
917
573
774
150
1298
1460
1027
1261
530
1792
1263
1298
709
559
506
779
783
1283
328
454
1300
483
1770
1374
168
433
1216
2184
2538
1276
671
1286
2610
1260
383
2427
314
652
354
3053
589
1313
148
1302
3062
858
1265
1284
880
2994
654
1314
3110
1313
531
1354
624
1292
3172
1292
1585
3206
727
3062
1296
2007
3112
3078
1321
1327
1278
0
1292
226
777
1307
0
1316
1207
0
1485
1332
3024
3270
1314
1385
267
1165
786
341
1266
258
1633
633
1296
1321
237
263
612
379
476
1887
1376
321
1327
3117
1324
2357
1353
1175
242
311
2279
0
855
3217
1280
775
1251
1795
436
1191
1293
1247
749
454
1350
560
1350
2245
196
1334
3094
1257
723
665
1336
456
585
720
2210
1264
566
1295
1301
1291
1234
564
1316
1012
246
1257
226
961
387
686
1344
720
384
503
349
166
1254
613
341
1275
920
1274
450
2713
292
3039
1354
1306
178
1171
1352
1687
3086
1232
1176
1272
3185
590
714
1287
1309
1271
190
1278
2012
1200
1252
1251
898
436
2429
786
259
1321
1309
1017
441
1199
1307
1123
581
1772
678
238
2016
2308
1269
768
312
382
2568
1272
1309
756
1279
1322
274
668
700
556
1300
1258
0
1242
0
2052
515
203
183
1367
176
1328
0
551
1251
1305
306
351
2422
0
505
0
2247
1395
3169
1283
1293
483
1283
1272
577
167
1080
1619
153
1297
3096
581
1331
870
1309
1274
1322
1394
1322
2461
1287
1316
727
224
3171
1326
1197
1273
1520
2489
1295
1351
1373
1325
483
369
1265
1310
197
2088
3174
236
349
1388
1144
1246
3024
532
1286
2134
853
3142
2708
618
2030
1346
785
233
1292
1264
2032
251
1319
1118
731
530
3303
3010
1330
3156
1310
853
124
467
1328
648
1086
889
2272
296
1283
1256
3176
3138
1634
929
1092
3194
1185
1323
1119
173
2020
1311
1246
253
1239
892
1279
201
773
3180
1242
445
1310
1388
